1 0.07265625 0.3734375 0.1265625 0.6828125
1 0.928125 0.153125 0.09375 0.05546875
3 0.2578125 0.06484375 0.23203125 0.06875
3 0.38125 0.13515625 0.46953125 0.05859375
3 0.26484375 0.1953125 0.24609375 0.04296875
3 0.28828125 0.2671875 0.30859375 0.04609375
3 0.30625 0.33203125 0.3140625 0.059375
3 0.24375 0.42265625 0.16484375 0.04140625
3 0.39296875 0.49140625 0.4390625 0.06328125
3 0.23515625 0.55859375 0.178125 0.04609375
3 0.24921875 0.62109375 0.215625 0.04453125
3 0.28359375 0.678125 0.24453125 0.04765625
3 0.8078125 0.2375 0.16796875 0.10546875
0 0.2125 0.0703125 0.3859375 0.06328125
0 0.303125 0.13828125 0.58203125 0.05859375
0 0.18203125 0.19375 0.29609375 0.04296875
0 0.22578125 0.26328125 0.3640625 0.05
0 0.25703125 0.33046875 0.42109375 0.059375
0 0.16875 0.41875 0.278125 0.04453125
0 0.309375 0.4875 0.60859375 0.0609375
0 0.16640625 0.55546875 0.28515625 0.059375
0 0.1890625 0.621875 0.31875 0.03203125
0 0.2171875 0.678125 0.365625 0.03671875
0 0.928125 0.07734375 0.11796875 0.06640625