3 0.2015625 0.26875 0.203125 0.03203125
3 0.36875 0.3359375 0.27109375 0.04453125
3 0.3859375 0.43203125 0.29453125 0.0484375
3 0.42734375 0.51953125 0.3765625 0.04453125
3 0.55703125 0.60390625 0.6484375 0.05
3 0.38046875 0.69140625 0.29375 0.04609375
2 0.15859375 0.33828125 0.1359375 0.08203125
2 0.15859375 0.43046875 0.1609375 0.06953125
2 0.16484375 0.515625 0.15546875 0.06953125
2 0.16171875 0.603125 0.1359375 0.06953125
2 0.16015625 0.6859375 0.13359375 0.078125
0 0.30390625 0.34375 0.43359375 0.08515625
0 0.31640625 0.4328125 0.48359375 0.075
0 0.3578125 0.51875 0.56015625 0.07421875
0 0.4890625 0.60234375 0.80390625 0.075
0 0.30703125 0.6875 0.43984375 0.07890625