3 0.896875 0.01875 0.12578125 0.03359375
3 0.2015625 0.08203125 0.246875 0.03203125
3 0.25859375 0.21953125 0.36640625 0.165625
3 0.17421875 0.57734375 0.1234375 0.025
3 0.40390625 0.58125 0.1703125 0.03359375
3 0.6046875 0.5796875 0.16875 0.03359375
3 0.840625 0.584375 0.1640625 0.03203125
3 0.82421875 0.7421875 0.17109375 0.040625
3 0.61875 0.746875 0.1765625 0.0359375
3 0.38984375 0.74296875 0.1609375 0.0359375
3 0.17578125 0.74296875 0.178125 0.025
1 0.88046875 0.07265625 0.0734375 0.04296875
1 0.56484375 0.215625 0.18359375 0.1140625
2 0.49375 0.08125 0.83203125 0.0515625
2 0.17265625 0.5390625 0.17109375 0.13359375
2 0.38671875 0.53984375 0.16171875 0.12109375
2 0.6171875 0.540625 0.18046875 0.140625
2 0.82109375 0.5390625 0.2015625 0.14765625
2 0.8234375 0.71015625 0.19921875 0.1296875
2 0.6125 0.70859375 0.1953125 0.1375
2 0.384375 0.70234375 0.184375 0.128125
2 0.17265625 0.69609375 0.20859375 0.12265625
2 0.74375 0.025 0.19921875 0.04609375
2 0.14609375 0.86875 0.1546875 0.0625
2 0.3234375 0.8765625 0.1609375 0.05703125
2 0.50390625 0.871875 0.14296875 0.07109375
2 0.68046875 0.87109375 0.15546875 0.06796875
2 0.8640625 0.8765625 0.1359375 0.06796875
2 0.5015625 0.471875 0.9296875 0.93359375
0 0.86875 0.0765625 0.06953125 0.0359375
0 0.13671875 0.8703125 0.16171875 0.0515625
0 0.32109375 0.8734375 0.1515625 0.06796875
0 0.4984375 0.87109375 0.13984375 0.06015625
0 0.67421875 0.86640625 0.1296875 0.06796875
0 0.85625 0.86953125 0.1203125 0.06796875
0 0.37890625 0.54375 0.15859375 0.1140625
0 0.15703125 0.5390625 0.1640625 0.11953125
0 0.603125 0.53515625 0.17109375 0.1265625
0 0.83125 0.53984375 0.203125 0.13203125
0 0.16640625 0.69765625 0.209375 0.11953125
0 0.384375 0.703125 0.18984375 0.11171875
0 0.6171875 0.71015625 0.19921875 0.11953125
0 0.83671875 0.7015625 0.18359375 0.1140625