1 0.06328125 0.03046875 0.1234375 0.06015625
1 0.90078125 0.87578125 0.11953125 0.06640625
1 0.896875 0.64140625 0.0890625 0.05
1 0.8984375 0.71640625 0.1046875 0.05
1 0.89609375 0.78671875 0.1046875 0.04140625
3 0.4984375 0.27578125 0.8734375 0.23828125
3 0.271875 0.08359375 0.1609375 0.0359375
3 0.778125 0.08828125 0.21171875 0.040625
3 0.2640625 0.034375 0.284375 0.03359375
3 0.6015625 0.57265625 0.6296875 0.09765625
3 0.4765625 0.778125 0.4109375 0.1015625
3 0.68515625 0.63828125 0.209375 0.14296875
3 0.13046875 0.9015625 0.19921875 0.0390625
3 0.17109375 0.465625 0.26875 0.04453125
2 0.16328125 0.57578125 0.215625 0.128125
2 0.15859375 0.77265625 0.21875 0.1265625
2 0.503125 0.27578125 0.9453125 0.278125
2 0.49609375 0.05390625 0.9921875 0.1078125
0 0.73828125 0.64140625 0.41484375 0.0390625
0 0.828125 0.7125 0.228125 0.0390625
0 0.80859375 0.7796875 0.253125 0.04453125
0 0.90078125 0.87734375 0.13203125 0.07265625