3 0.26875 0.79765625 0.26796875 0.13046875
3 0.75078125 0.78046875 0.2390625 0.090625
3 0.22734375 0.36875 0.3359375 0.09609375
3 0.50234375 0.13046875 0.9953125 0.05859375
3 0.48046875 0.17890625 0.95078125 0.03359375
3 0.42109375 0.25078125 0.83203125 0.0625
3 0.50546875 0.87578125 0.26796875 0.028125
3 0.13046875 0.0796875 0.203125 0.02265625
0 0.73671875 0.8375 0.0640625 0.03984375
0 0.49921875 0.57890625 0.38359375 0.04296875
0 0.5015625 0.47265625 0.9234375 0.04765625
0 0.50390625 0.36953125 0.91328125 0.11875
0 0.49921875 0.64921875 0.4296875 0.03359375
0 0.01796875 0.0640625 0.03515625 0.06484375
1 0.0625 0.25078125 0.0640625 0.0515625
1 0.13125 0.0578125 0.13515625 0.0359375