0 0.81328125 0.178125 0.23359375 0.06171875
0 0.81796875 0.3078125 0.22421875 0.04609375
0 0.81015625 0.44140625 0.209375 0.04765625
0 0.81796875 0.57265625 0.22421875 0.0546875
1 0.11484375 0.07109375 0.1390625 0.053125
1 0.29453125 0.07421875 0.096875 0.05625
1 0.50546875 0.06875 0.10078125 0.06171875
1 0.6984375 0.0734375 0.10390625 0.06171875
1 0.9015625 0.07109375 0.10859375 0.06015625
3 0.3390625 0.175 0.5984375 0.1015625
3 0.3390625 0.30703125 0.5984375 0.10390625
3 0.328125 0.44296875 0.60078125 0.08984375
3 0.35625 0.56875 0.6515625 0.10625