2 0.4984375 0.29375 0.43359375 0.25625
2 0.30859375 0.475 0.1984375 0.08125
2 0.71328125 0.48203125 0.20078125 0.10390625
2 0.06953125 0.065625 0.11171875 0.04921875
2 0.1625 0.65859375 0.14140625 0.08125
2 0.39140625 0.66015625 0.1234375 0.06640625
2 0.615625 0.65390625 0.14453125 0.08359375
2 0.84453125 0.65234375 0.1359375 0.08828125
2 0.1546875 0.83203125 0.1203125 0.06953125
3 0.2484375 0.071875 0.23359375 0.0390625
3 0.50234375 0.1265625 0.33984375 0.0453125
3 0.4984375 0.28828125 0.33125 0.1375
3 0.51015625 0.3953125 0.3015625 0.03984375
3 0.5171875 0.53984375 0.76015625 0.03359375
3 0.10546875 0.575 0.1546875 0.02890625
3 0.15078125 0.72421875 0.203125 0.046875
3 0.37890625 0.71796875 0.14140625 0.03359375
3 0.60703125 0.7171875 0.18984375 0.03828125
3 0.8515625 0.7203125 0.12890625 0.03203125
3 0.15703125 0.88671875 0.1515625 0.03359375
0 0.153125 0.67890625 0.23984375 0.14921875
0 0.39140625 0.68046875 0.18203125 0.14453125
0 0.6265625 0.67734375 0.21953125 0.15234375
0 0.8484375 0.66953125 0.17109375 0.14453125
0 0.1625 0.8515625 0.17890625 0.1328125