2 0.08203125 0.71796875 0.12578125 0.38359375
1 0.896875 0.728125 0.134375 0.38046875
0 0.91328125 0.07109375 0.1734375 0.06484375
0 0.8421875 0.48515625 0.315625 0.0890625
3 0.9140625 0.07109375 0.1203125 0.034375
3 0.21953125 0.075 0.40625 0.0390625
3 0.49921875 0.1890625 0.90625 0.08046875
3 0.23125 0.29609375 0.41796875 0.03828125
3 0.50390625 0.378125 0.878125 0.07265625
3 0.846875 0.48359375 0.2484375 0.04765625
3 0.321875 0.471875 0.5734375 0.03984375
3 0.46875 0.73515625 0.6046875 0.40546875