3 0.46875 0.07109375 0.61640625 0.05390625
3 0.725 0.1953125 0.55 0.134375
3 0.725 0.3578125 0.55 0.1375
3 0.72734375 0.5296875 0.5453125 0.14453125
3 0.71953125 0.684375 0.5609375 0.1390625
3 0.7328125 0.84921875 0.534375 0.1265625
2 0.1640625 0.1921875 0.328125 0.15
2 0.1640625 0.3515625 0.328125 0.15859375
2 0.1625 0.51640625 0.325 0.128125
2 0.1640625 0.68359375 0.328125 0.17265625
2 0.1640625 0.8546875 0.328125 0.1515625
2 0.49765625 0.06953125 0.9953125 0.078125
1 0.84609375 0.0671875 0.07578125 0.04609375
1 0.95078125 0.06953125 0.05 0.04296875
1 0.0765625 0.071875 0.1234375 0.05546875