3 0.17890625 0.0734375 0.309375 0.05546875
3 0.19453125 0.14765625 0.31484375 0.028125
3 0.43515625 0.25 0.81484375 0.09140625
3 0.39296875 0.36796875 0.76328125 0.09375
3 0.08046875 0.46328125 0.11328125 0.03203125
3 0.259375 0.54609375 0.4703125 0.06796875
3 0.24921875 0.64921875 0.46484375 0.0625
3 0.45546875 0.746875 0.85546875 0.07265625
2 0.5 0.89765625 1 0.08046875
1 0.928125 0.36796875 0.0890625 0.05234375
0 0.109375 0.46484375 0.19609375 0.03984375
0 0.21875 0.14921875 0.3703125 0.03984375