1 0.06171875 0.07265625 0.053125 0.03515625
1 0.72890625 0.0703125 0.05859375 0.0296875
1 0.95078125 0.071875 0.034375 0.02578125
1 0.88671875 0.79375 0.04296875 0.03125
1 0.0828125 0.15703125 0.08203125 0.046875
1 0.0828125 0.26484375 0.08203125 0.05546875
1 0.0828125 0.3765625 0.10078125 0.05390625
3 0.42890625 0.13984375 0.546875 0.02421875
3 0.2875 0.24765625 0.28203125 0.02734375
3 0.35234375 0.3546875 0.38828125 0.02421875
3 0.50546875 0.1828125 0.6890625 0.03984375
3 0.35078125 0.28046875 0.396875 0.02421875
3 0.515625 0.40078125 0.71953125 0.046875
3 0.91015625 0.128125 0.12578125 0.02109375
3 0.92265625 0.23515625 0.1265625 0.03125
3 0.915625 0.3484375 0.16015625 0.02421875
3 0.4796875 0.615625 0.86484375 0.0671875
3 0.50703125 0.7640625 0.0703125 0.02109375
3 0.41171875 0.075 0.48359375 0.046875
0 0.83671875 0.06640625 0.10078125 0.046875
0 0.0640625 0.06796875 0.0765625 0.03359375
0 0.50703125 0.76640625 0.21328125 0.07109375
0 0.8859375 0.79765625 0.13828125 0.06796875