3 0.50078125 0.15859375 0.9984375 0.1140625
3 0.5 0.33203125 1 0.21953125
3 0.49453125 0.5 0.9890625 0.11171875
3 0.5 0.63359375 1 0.14453125
3 0.50234375 0.79453125 0.9953125 0.1515625
3 0.28203125 0.06328125 0.31953125 0.05234375
1 0.9546875 0.9015625 0.090625 0.05625
1 0.03125 0.90546875 0.06171875 0.05703125
1 0.93203125 0.0640625 0.07578125 0.04296875
1 0.80546875 0.0640625 0.0890625 0.0390625
1 0.66484375 0.0671875 0.0984375 0.04921875
1 0.05 0.071875 0.1 0.04765625
2 0.50234375 0.0625 0.9953125 0.0625
2 0.50078125 0.903125 0.9984375 0.0640625