1 0.08359375 0.078125 0.10625 0.06328125
3 0.528125 0.071875 0.70546875 0.03828125
3 0.2359375 0.15546875 0.459375 0.05078125
3 0.17890625 0.24375 0.3296875 0.06640625
3 0.45546875 0.45703125 0.61484375 0.03671875
3 0.209375 0.42421875 0.165625 0.02578125
3 0.2859375 0.6640625 0.46171875 0.09140625
3 0.89609375 0.56328125 0.146875 0.03203125
3 0.23125 0.8171875 0.40078125 0.03984375
3 0.49921875 0.9125 0.26015625 0.0421875
2 0.065625 0.45 0.11171875 0.053125
2 0.496875 0.67890625 0.97578125 0.384375
0 0.5015625 0.90703125 0.99609375 0.06171875