0 0.121875 0.0359375 0.24375 0.0625
0 0.5 0.1546875 1 0.13046875
0 0.503125 0.2828125 0.99375 0.115625
0 0.5 0.40078125 1 0.125
0 0.5015625 0.50859375 0.99609375 0.084375
0 0.5 0.59765625 1 0.084375
0 0.5 0.68125 1 0.07890625
0 0.49921875 0.78671875 0.9984375 0.12265625
0 0.97890625 0.8578125 0.0390625 0.01796875
0 0.49609375 0.884375 0.9921875 0.059375
1 0.1203125 0.03984375 0.08515625 0.046875
1 0.1046875 0.17734375 0.209375 0.08671875
1 0.134375 0.3 0.13125 0.07265625
1 0.13359375 0.41953125 0.16640625 0.06796875
1 0.140625 0.51953125 0.1890625 0.05703125
1 0.12421875 0.59296875 0.19609375 0.0625
1 0.13203125 0.68046875 0.14609375 0.0625
1 0.1296875 0.80703125 0.15546875 0.07109375
1 0.36875 0.88671875 0.0703125 0.05
3 0.56484375 0.04140625 0.440625 0.05703125
3 0.496875 0.17890625 0.4609375 0.07421875
3 0.2296875 0.11640625 0.359375 0.03828125
3 0.4109375 0.80546875 0.340625 0.06796875
3 0.478125 0.68203125 0.43671875 0.059375
3 0.5859375 0.59921875 0.64296875 0.065625
3 0.5015625 0.51484375 0.4484375 0.0625
3 0.6421875 0.425 0.715625 0.06875
3 0.490625 0.29921875 0.44453125 0.06875
3 0.1640625 0.8828125 0.30546875 0.046875
3 0.7140625 0.88671875 0.54296875 0.05546875