1 0.06875 0.07109375 0.04375 0.028125
1 0.165625 0.07109375 0.04609375 0.02421875
1 0.94609375 0.29453125 0.04375 0.0171875
1 0.93828125 0.06875 0.028125 0.03828125
1 0.06328125 0.78359375 0.0796875 0.04140625
1 0.50703125 0.890625 0.13125 0.05546875
1 0.5015625 0.1640625 0.08984375 0.05859375
1 0.775 0.621875 0.371875 0.0625
3 0.22890625 0.29453125 0.24609375 0.02734375
3 0.49921875 0.37109375 0.35625 0.03671875
3 0.50703125 0.43203125 0.29296875 0.0296875
3 0.490625 0.4875 0.196875 0.03671875
3 0.91328125 0.49375 0.10078125 0.028125
3 0.83828125 0.55859375 0.24609375 0.02578125
3 0.13515625 0.55703125 0.2 0.0328125
3 0.09921875 0.61953125 0.1234375 0.03671875
3 0.2921875 0.7875 0.29140625 0.02578125
3 0.8796875 0.2953125 0.1203125 0.02890625
3 0.259375 0.071875 0.14140625 0.03984375