3 0.23828125 0.084375 0.1609375 0.04765625
3 0.24296875 0.20234375 0.1703125 0.04453125
3 0.2359375 0.28046875 0.16484375 0.04453125
3 0.27734375 0.3515625 0.215625 0.03671875
3 0.25625 0.41640625 0.18671875 0.04296875
3 0.240625 0.48125 0.17421875 0.0390625
3 0.28046875 0.54921875 0.24609375 0.0375
3 0.225 0.615625 0.12421875 0.0375
3 0.30390625 0.70234375 0.275 0.05
3 0.2421875 0.76796875 0.1453125 0.0390625
3 0.271875 0.8359375 0.21875 0.04296875
3 0.27578125 0.9015625 0.23046875 0.03515625
2 0.0734375 0.08671875 0.12421875 0.075
2 0.06953125 0.1953125 0.07890625 0.04140625
2 0.334375 0.08046875 0.66875 0.1015625
2 0.33828125 0.53359375 0.67578125 0.8078125
1 0.0734375 0.284375 0.071875 0.04140625
1 0.0734375 0.34921875 0.06640625 0.0390625
1 0.06875 0.42265625 0.0890625 0.04296875
1 0.0734375 0.4859375 0.0796875 0.05390625
1 0.0765625 0.54921875 0.096875 0.05546875
1 0.06875 0.61640625 0.0890625 0.04296875
1 0.065625 0.70078125 0.07578125 0.04453125
1 0.071875 0.771875 0.08203125 0.0359375
1 0.071875 0.8296875 0.08203125 0.04140625
1 0.07421875 0.896875 0.08203125 0.03359375
0 0.340625 0.196875 0.65859375 0.0765625
0 0.33203125 0.2828125 0.6609375 0.07890625
0 0.3375 0.35703125 0.6640625 0.06953125
0 0.3375 0.41875 0.65625 0.06796875
0 0.33984375 0.484375 0.65390625 0.06015625
0 0.3390625 0.54921875 0.6609375 0.07265625
0 0.3359375 0.6171875 0.6546875 0.0734375
0 0.3359375 0.69375 0.6609375 0.0734375
0 0.340625 0.76015625 0.6453125 0.06953125
0 0.33125 0.8234375 0.6625 0.0625
0 0.328125 0.884375 0.63359375 0.0765625