2 0.49765625 0.4640625 0.9953125 0.928125
2 0.51796875 0.79921875 0.309375 0.05546875
2 0.50546875 0.37109375 0.253125 0.14453125
2 0.28203125 0.6390625 0.16796875 0.0765625
2 0.77421875 0.634375 0.228125 0.08515625
3 0.50625 0.52265625 0.8390625 0.1125
3 0.50859375 0.71953125 0.8796875 0.06796875
3 0.26640625 0.87265625 0.24921875 0.0375
3 0.7328125 0.86953125 0.203125 0.03203125
3 0.53515625 0.79921875 0.22421875 0.03671875
0 0.26640625 0.8765625 0.40859375 0.05390625
0 0.734375 0.8734375 0.41484375 0.0609375