0 0.50390625 0.71953125 0.846875 0.06015625
0 0.24375 0.80546875 0.23671875 0.02890625
0 0.1265625 0.53359375 0.2296875 0.06953125
0 0.54296875 0.5328125 0.446875 0.04609375
0 0.071875 0.14375 0.14375 0.071875
0 0.90703125 0.1484375 0.134375 0.0703125
0 0.80546875 0.14453125 0.08828125 0.07109375
3 0.4078125 0.64296875 0.73046875 0.05859375
3 0.24140625 0.815625 0.3546875 0.0609375
3 0.19765625 0.88125 0.31015625 0.03203125
3 0.26171875 0.9265625 0.4234375 0.0265625
3 0.43046875 0.33203125 0.71875 0.153125
3 0.50546875 0.44453125 0.90078125 0.0640625
3 0.490625 0.1484375 0.51875 0.06015625
1 0.70625 0.92421875 0.13984375 0.03046875
1 0.54375 0.53125 0.4640625 0.06484375