1 0.1015625 0.05546875 0.1234375 0.0625
2 0.4984375 0.18515625 0.315625 0.17421875
2 0.17421875 0.421875 0.30625 0.17109375
2 0.18125 0.60703125 0.31953125 0.18046875
2 0.17578125 0.7921875 0.30390625 0.17265625
2 0.5015625 0.78828125 0.2984375 0.16953125
2 0.82578125 0.78125 0.30703125 0.1765625
2 0.8234375 0.60078125 0.31328125 0.17109375
2 0.490625 0.6046875 0.30703125 0.1765625
2 0.496875 0.41875 0.31328125 0.178125
2 0.82421875 0.4203125 0.296875 0.178125
2 0.49453125 0.465625 0.9890625 0.93125