0 0.09375 0.38125 0.09140625 0.40078125
0 0.0890625 0.6953125 0.08125 0.13671875
0 0.50234375 0.79140625 0.903125 0.04609375
0 0.56328125 0.85859375 0.50703125 0.02578125
0 0.94375 0.0734375 0.1 0.04453125
3 0.71796875 0.70625 0.10703125 0.04453125
3 0.203125 0.746875 0.11328125 0.03359375
3 0.18046875 0.66015625 0.08046875 0.03359375
3 0.20859375 0.2078125 0.13671875 0.04765625
3 0.2140625 0.253125 0.1390625 0.0390625
3 0.2265625 0.296875 0.1609375 0.04296875
3 0.2171875 0.3390625 0.14140625 0.04140625
3 0.22109375 0.38203125 0.14921875 0.03125
3 0.221875 0.42421875 0.16015625 0.0390625
3 0.20390625 0.465625 0.11953125 0.03359375
3 0.1953125 0.509375 0.0984375 0.0296875
3 0.20078125 0.55703125 0.12109375 0.0375
3 0.50546875 0.78828125 0.15390625 0.03984375
3 0.459375 0.86796875 0.90703125 0.0984375
3 0.35859375 0.1546875 0.68203125 0.05703125
3 0.15 0.0734375 0.2796875 0.0578125