3 0.284375 0.23359375 0.35078125 0.0453125
3 0.24765625 0.31015625 0.14140625 0.034375
3 0.296875 0.37890625 0.25859375 0.03671875
3 0.3046875 0.44921875 0.27421875 0.02890625
3 0.23515625 0.5125 0.13515625 0.02421875
3 0.196875 0.61328125 0.31796875 0.03828125
3 0.1078125 0.6796875 0.13203125 0.0296875
3 0.0875 0.74921875 0.11015625 0.0328125
3 0.2703125 0.89765625 0.20546875 0.03828125
0 0.62421875 0.59609375 0.10703125 0.03125
1 0.6578125 0.0671875 0.0765625 0.0484375
1 0.07265625 0.23046875 0.04375 0.0484375
1 0.06875 0.41640625 0.1046875 0.2546875
1 0.078125 0.89765625 0.0859375 0.05546875