3 0.4734375 0.540625 0.9046875 0.06640625
3 0.13671875 0.584375 0.18046875 0.03203125
3 0.36875 0.5875 0.203125 0.0265625
3 0.65078125 0.740625 0.60703125 0.09140625
3 0.215625 0.13515625 0.17421875 0.0359375
3 0.55859375 0.07578125 0.48046875 0.0375
3 0.6390625 0.85390625 0.59140625 0.103125
1 0.8625 0.13671875 0.0953125 0.04296875
1 0.94921875 0.1390625 0.0734375 0.0390625
1 0.06796875 0.071875 0.1140625 0.03359375
1 0.74375 0.6328125 0.0734375 0.05703125
1 0.834375 0.6328125 0.07578125 0.0359375
1 0.93671875 0.634375 0.05390625 0.03984375
1 0.95703125 0.51484375 0.04453125 0.01796875
1 0.15703125 0.6296875 0.253125 0.0515625
0 0.7359375 0.6265625 0.08203125 0.03671875
0 0.83203125 0.63359375 0.0796875 0.03359375
0 0.94296875 0.63515625 0.07890625 0.03359375
0 0.05703125 0.62421875 0.059375 0.03046875
0 0.16953125 0.62265625 0.05078125 0.01953125
0 0.16328125 0.1375 0.30390625 0.04140625
0 0.9515625 0.140625 0.06953125 0.04296875
2 0.5 0.33125 1 0.33125
2 0.51640625 0.74296875 0.96640625 0.09296875
2 0.51484375 0.85546875 0.9703125 0.0953125