1 0.17421875 0.5765625 0.0109375 0.00859375
1 0.41328125 0.5828125 0.040625 0.01015625
1 0.64375 0.5875 0.028125 0.01171875
1 0.93359375 0.59453125 0.03203125 0.0109375
3 0.24609375 0.5765625 0.12578125 0.02265625
3 0.67890625 0.109375 0.25625 0.02890625
3 0.64296875 0.03984375 0.16640625 0.02421875
3 0.09140625 0.03671875 0.11953125 0.0375
3 0.65703125 0.17734375 0.21328125 0.03984375
3 0.67578125 0.2359375 0.22421875 0.03203125
3 0.67578125 0.30078125 0.23828125 0.03203125
3 0.0859375 0.83046875 0.1515625 0.04453125
3 0.72578125 0.88828125 0.2984375 0.025
3 0.6515625 0.91796875 0.0796875 0.021875
3 0.76875 0.91796875 0.128125 0.01328125
2 0.24375 0.9015625 0.284375 0.0671875
2 0.50390625 0.90390625 0.13671875 0.06171875