3 0.54609375 0.2765625 0.39296875 0.046875
3 0.4515625 0.415625 0.65625 0.0578125
3 0.46796875 0.5140625 0.16328125 0.04453125
3 0.77578125 0.515625 0.14296875 0.04453125
3 0.7765625 0.6046875 0.16015625 0.04296875
3 0.7875 0.69375 0.15859375 0.0453125
3 0.74921875 0.78125 0.1796875 0.0421875
3 0.41953125 0.78125 0.05 0.05078125
3 0.46484375 0.69375 0.128125 0.05625
3 0.45234375 0.60625 0.153125 0.05234375
3 0.10703125 0.51484375 0.05 0.040625
3 0.15546875 0.60234375 0.1453125 0.0453125
3 0.1625 0.69375 0.175 0.05078125
2 0.278125 0.27109375 0.12421875 0.06015625
2 0.83046875 0.4171875 0.08984375 0.0578125
1 0.86640625 0.34140625 0.1109375 0.046875