1 0.49609375 0.18359375 0.35 0.11171875
0 0.709375 0.609375 0.37421875 0.06640625
0 0.28125 0.60859375 0.3984375 0.0640625
0 0.22890625 0.6734375 0.453125 0.07421875
0 0.103125 0.5390625 0.0859375 0.0390625
3 0.265625 0.60703125 0.275 0.05390625
3 0.73046875 0.6140625 0.24453125 0.03828125
3 0.21484375 0.67109375 0.38125 0.0390625
3 0.30703125 0.53984375 0.31171875 0.04453125
3 0.50859375 0.271875 0.459375 0.09453125
3 0.37265625 0.41484375 0.61015625 0.06015625
3 0.2328125 0.4875 0.296875 0.05859375