3 0.359375 0.06875 0.64453125 0.03515625
3 0.1140625 0.83828125 0.14296875 0.02578125
3 0.32890625 0.83671875 0.18671875 0.0375
3 0.52421875 0.83828125 0.1515625 0.02578125
3 0.72109375 0.84140625 0.16875 0.03203125
3 0.88671875 0.83828125 0.13359375 0.02578125
2 0.496875 0.071875 0.99375 0.071875
2 0.48828125 0.903125 0.97578125 0.07890625
0 0.11171875 0.83671875 0.209375 0.03359375
0 0.89921875 0.83203125 0.18671875 0.03203125
0 0.71484375 0.84140625 0.17421875 0.04296875
0 0.5203125 0.8359375 0.178125 0.04296875
0 0.309375 0.84140625 0.19296875 0.0375