3 0.15703125 0.2140625 0.13984375 0.09609375
3 0.16015625 0.328125 0.14609375 0.09609375
3 0.15703125 0.4421875 0.13984375 0.10390625
3 0.15859375 0.56171875 0.14296875 0.09296875
3 0.15546875 0.67421875 0.14296875 0.09453125
3 0.16328125 0.7921875 0.1640625 0.09453125
3 0.77109375 0.21875 0.3734375 0.0609375
3 0.78359375 0.3234375 0.3796875 0.0875
3 0.7765625 0.4421875 0.39296875 0.0890625
3 0.78671875 0.56484375 0.39921875 0.0859375
3 0.78203125 0.678125 0.3640625 0.07265625
3 0.76953125 0.78671875 0.3703125 0.05859375
3 0.50078125 0.87734375 0.3953125 0.04765625
3 0.45703125 0.0734375 0.56328125 0.04765625
3 0.203125 0.1359375 0.31953125 0.04453125
3 0.67421875 0.13984375 0.09140625 0.02734375
3 0.8734375 0.13515625 0.0859375 0.0359375
2 0.32421875 0.2171875 0.1453125 0.06484375
2 0.33203125 0.33046875 0.17421875 0.05546875
2 0.33125 0.446875 0.15859375 0.04921875
2 0.32109375 0.5640625 0.16484375 0.07265625
2 0.334375 0.67109375 0.16484375 0.06953125
2 0.334375 0.784375 0.16484375 0.0609375
0 0.509375 0.87578125 0.40859375 0.05859375
0 0.95 0.0734375 0.1 0.05859375
0 0.0625 0.06953125 0.125 0.05
1 0.06328125 0.0703125 0.1046875 0.0484375
1 0.9609375 0.071875 0.078125 0.05859375