3 0.759375 0.05703125 0.47109375 0.04609375
3 0.221875 0.21953125 0.4015625 0.02265625
3 0.26640625 0.27265625 0.4765625 0.04296875
3 0.228125 0.325 0.35703125 0.02265625
3 0.14140625 0.3625 0.1765625 0.04453125
3 0.27109375 0.4140625 0.46796875 0.02265625
3 0.2125 0.4625 0.31953125 0.03359375
3 0.234375 0.5109375 0.3703125 0.02109375
3 0.2140625 0.55234375 0.34140625 0.03203125
3 0.18046875 0.60234375 0.25 0.0390625
3 0.225 0.6515625 0.33125 0.04140625
3 0.23125 0.696875 0.3640625 0.0359375
3 0.240625 0.74140625 0.4015625 0.04296875
3 0.19921875 0.8328125 0.31328125 0.04765625
3 0.2171875 0.7890625 0.3234375 0.02890625
3 0.2515625 0.8828125 0.3796875 0.0265625
3 0.2015625 0.928125 0.27890625 0.02890625
3 0.346875 0.13984375 0.44375 0.03046875
1 0.96171875 0.3234375 0.05390625 0.0234375
1 0.95859375 0.3671875 0.034375 0.02890625
1 0.9609375 0.425 0.025 0.02265625
1 0.96953125 0.46484375 0.025 0.02890625
1 0.9703125 0.5109375 0.04453125 0.03359375
1 0.9671875 0.55859375 0.03828125 0.0234375
1 0.96171875 0.61484375 0.040625 0.025
1 0.08125 0.065625 0.08828125 0.05703125
1 0.065625 0.140625 0.0953125 0.0640625
1 0.96796875 0.6515625 0.0515625 0.04453125
1 0.9734375 0.70078125 0.05 0.03046875
1 0.9703125 0.74375 0.059375 0.028125
1 0.9671875 0.78671875 0.065625 0.0296875
1 0.96953125 0.84453125 0.05625 0.03203125
1 0.9671875 0.8828125 0.065625 0.03125
1 0.965625 0.92578125 0.04140625 0.01953125
2 0.5 0.06328125 1 0.05859375