1 0.19921875 0.32578125 0.20078125 0.1171875
1 0.21484375 0.15234375 0.17421875 0.09453125
1 0.17421875 0.50390625 0.21875 0.11484375
1 0.196875 0.67734375 0.2203125 0.11640625
1 0.2015625 0.846875 0.23984375 0.10703125
3 0.57890625 0.15390625 0.56796875 0.02734375
3 0.790625 0.18828125 0.190625 0.03359375
3 0.578125 0.12265625 0.4984375 0.040625
3 0.5890625 0.29140625 0.54140625 0.0484375
3 0.59765625 0.3296875 0.59140625 0.02578125
3 0.8078125 0.365625 0.16796875 0.0296875
3 0.80546875 0.5390625 0.15859375 0.03359375
3 0.79453125 0.7125 0.153125 0.02421875
3 0.7703125 0.88046875 0.13125 0.0203125
3 0.56796875 0.8515625 0.5359375 0.0296875
3 0.5640625 0.815625 0.53828125 0.03046875
3 0.57734375 0.4625 0.5359375 0.03828125
3 0.58828125 0.5015625 0.5765625 0.0296875
0 0.7984375 0.18515625 0.18671875 0.03125
0 0.81328125 0.36328125 0.203125 0.03359375
0 0.809375 0.53828125 0.19140625 0.03828125
0 0.79375 0.71015625 0.175 0.03671875
0 0.77421875 0.88046875 0.15390625 0.02578125