3 0.315625 0.2453125 0.265625 0.04609375
3 0.27578125 0.3140625 0.19921875 0.0515625
3 0.27421875 0.37265625 0.221875 0.05
3 0.52578125 0.4640625 0.509375 0.07734375
3 0.27109375 0.90078125 0.18359375 0.04453125
3 0.78046875 0.89921875 0.22109375 0.03359375
3 0.31171875 0.06640625 0.30390625 0.03046875
0 0.28984375 0.9046875 0.55703125 0.06171875
0 0.78984375 0.90546875 0.4203125 0.0578125
2 0.51328125 0.06171875 0.9015625 0.06796875
2 0.115625 0.23671875 0.10703125 0.04609375
2 0.11796875 0.3046875 0.1109375 0.0640625
2 0.1125 0.37578125 0.1140625 0.0640625
1 0.44609375 0.37109375 0.18671875 0.09765625