2 0.16640625 0.065625 0.1140625 0.05703125
2 0.8390625 0.065625 0.11640625 0.06015625
1 0.04921875 0.065625 0.0953125 0.05703125
1 0.66328125 0.14140625 0.08203125 0.0375
1 0.94609375 0.06484375 0.071875 0.05859375
3 0.50859375 0.065625 0.36640625 0.04609375
3 0.0703125 0.1421875 0.1296875 0.05
3 0.24609375 0.215625 0.41796875 0.05703125
3 0.20625 0.2953125 0.33828125 0.04609375
3 0.13359375 0.37734375 0.19296875 0.053125
3 0.16640625 0.45078125 0.259375 0.0609375
3 0.178125 0.5328125 0.32578125 0.05
3 0.1859375 0.6078125 0.284375 0.05390625
3 0.17265625 0.6890625 0.284375 0.0515625
3 0.2109375 0.76796875 0.3734375 0.04921875
3 0.1984375 0.84453125 0.340625 0.0640625
3 0.2015625 0.9140625 0.3546875 0.04609375