3 0.50625 0.07578125 0.309375 0.03359375
3 0.4984375 0.13515625 0.696875 0.03046875
3 0.17578125 0.2515625 0.2015625 0.03359375
3 0.509375 0.25078125 0.1109375 0.03203125
3 0.8203125 0.25390625 0.09609375 0.03046875
3 0.8203125 0.35 0.11484375 0.02734375
3 0.5015625 0.35078125 0.11484375 0.03203125
3 0.18359375 0.35078125 0.1203125 0.02890625
3 0.18828125 0.44453125 0.1109375 0.03046875
3 0.48828125 0.44765625 0.09921875 0.03203125
3 0.83125 0.4484375 0.1234375 0.03046875
3 0.828125 0.54609375 0.1234375 0.03046875
3 0.50546875 0.546875 0.22890625 0.0359375
3 0.18515625 0.54609375 0.25546875 0.05078125
3 0.184375 0.646875 0.1234375 0.02890625
3 0.18359375 0.78828125 0.15 0.02734375
3 0.5078125 0.78828125 0.234375 0.02734375
3 0.8234375 0.78515625 0.221875 0.02421875
3 0.503125 0.89375 0.24375 0.0359375
3 0.13515625 0.190625 0.21640625 0.03046875
3 0.0859375 0.725 0.1234375 0.03671875
2 0.328125 0.075 0.06640625 0.03203125
0 0.5015625 0.890625 0.38515625 0.065625
0 0.49453125 0.78984375 0.30390625 0.08515625
0 0.821875 0.78828125 0.296875 0.08828125
0 0.17890625 0.7890625 0.296875 0.08671875
0 0.17890625 0.64296875 0.28515625 0.084375
0 0.178125 0.54765625 0.29453125 0.08125
0 0.49921875 0.54609375 0.29453125 0.07421875
0 0.8171875 0.54375 0.28828125 0.07890625
0 0.18359375 0.45390625 0.29453125 0.1
0 0.5015625 0.45546875 0.3 0.1
0 0.81875 0.4515625 0.296875 0.08828125
0 0.17890625 0.35078125 0.296875 0.08984375
0 0.50390625 0.35078125 0.30390625 0.0859375
0 0.81875 0.34765625 0.29140625 0.08984375
0 0.17578125 0.25234375 0.2984375 0.08984375
0 0.5015625 0.2515625 0.3 0.08828125
0 0.821875 0.25 0.29140625 0.08515625