3 0.215625 0.06875 0.3640625 0.06640625
3 0.2078125 0.1796875 0.3734375 0.08203125
3 0.2453125 0.27578125 0.46875 0.075
3 0.215625 0.38984375 0.4015625 0.06484375
3 0.178125 0.5546875 0.29453125 0.08359375
3 0.21875 0.66015625 0.35703125 0.0765625
3 0.2125 0.77421875 0.35078125 0.0765625
3 0.246875 0.88046875 0.4390625 0.08515625
3 0.165625 0.4796875 0.24375 0.04140625
1 0.921875 0.06953125 0.07578125 0.03515625
1 0.91953125 0.16953125 0.05703125 0.05
1 0.92421875 0.28515625 0.071875 0.03984375
1 0.93671875 0.39921875 0.06640625 0.053125