0 0.90703125 0.16953125 0.14453125 0.03515625
0 0.8984375 0.228125 0.15078125 0.03828125
0 0.90625 0.284375 0.146875 0.04453125
0 0.5 0.89453125 1 0.0703125
3 0.50546875 0.08203125 0.51875 0.06484375
3 0.11015625 0.17109375 0.1890625 0.028125
3 0.12109375 0.225 0.2421875 0.025
3 0.0859375 0.28671875 0.171875 0.03984375
3 0.14453125 0.3421875 0.2890625 0.03125
3 0.259375 0.40703125 0.51875 0.0546875
3 0.09609375 0.43828125 0.1921875 0.0265625
3 0.1515625 0.5171875 0.2765625 0.03671875
3 0.196875 0.48046875 0.39375 0.03984375