3 0.26640625 0.171875 0.43046875 0.09921875
3 0.25625 0.31328125 0.4453125 0.053125
3 0.75078125 0.38515625 0.1796875 0.028125
3 0.28046875 0.3890625 0.16171875 0.0296875
3 0.08984375 0.45390625 0.09453125 0.0265625
3 0.4078125 0.45703125 0.47109375 0.04765625
3 0.85546875 0.45234375 0.2 0.0296875
3 0.584375 0.52109375 0.4765625 0.03828125
3 0.42109375 0.58828125 0.17421875 0.05
3 0.90859375 0.596875 0.14140625 0.0234375
3 0.60859375 0.6671875 0.5296875 0.028125
3 0.44765625 0.72578125 0.203125 0.03984375
3 0.90703125 0.73515625 0.16171875 0.028125
3 0.5390625 0.80390625 0.37421875 0.05
3 0.921875 0.878125 0.14453125 0.02421875
3 0.4890625 0.87265625 0.4984375 0.03828125
2 0.49921875 0.190625 0.98984375 0.321875
2 0.16796875 0.5578125 0.2796875 0.12109375
2 0.1859375 0.69765625 0.2859375 0.11953125
2 0.18203125 0.8375 0.2796875 0.11953125
1 0.075 0.0703125 0.07578125 0.04765625
1 0.94296875 0.07265625 0.05546875 0.03671875
1 0.86484375 0.596875 0.059375 0.04296875
1 0.8484375 0.73671875 0.096875 0.04140625
1 0.8703125 0.87734375 0.0890625 0.05
1 0.771875 0.45234375 0.04375 0.03671875
0 0.84296875 0.44921875 0.2390625 0.03984375
0 0.74921875 0.39140625 0.50078125 0.07265625
0 0.253125 0.38515625 0.496875 0.06484375
0 0.096875 0.065625 0.10390625 0.0515625