3 0.2046875 0.3796875 0.32421875 0.0171875
3 0.15390625 0.43828125 0.25546875 0.03046875
3 0.25546875 0.484375 0.26015625 0.02421875
3 0.2765625 0.55 0.32578125 0.01953125
3 0.25625 0.9015625 0.309375 0.03203125
3 0.7640625 0.89765625 0.14140625 0.01875
3 0.34140625 0.06796875 0.4703125 0.0296875
3 0.95859375 0.01796875 0.08203125 0.01875
1 0.18046875 0.01953125 0.3546875 0.01484375
1 0.83125 0.01640625 0.19140625 0.01484375
0 0.21875 0.96796875 0.115625 0.04296875
0 0.53046875 0.94609375 0.14140625 0.00390625
0 0.4890625 0.96328125 0.065625 0.025
0 0.76796875 0.96953125 0.1203125 0.03046875
0 0.04140625 0.5515625 0.03984375 0.03046875