2 0.49609375 0.415625 0.78046875 0.0640625
2 0.2734375 0.27421875 0.11953125 0.05078125
3 0.49609375 0.5234375 0.08984375 0.04609375
3 0.79453125 0.52578125 0.075 0.040625
3 0.80625 0.615625 0.08671875 0.03046875
3 0.8203125 0.7015625 0.11484375 0.03046875
3 0.74375 0.7796875 0.13515625 0.0375
3 0.503125 0.6984375 0.11796875 0.03359375
3 0.496875 0.6140625 0.09296875 0.040625
3 0.196875 0.69609375 0.09921875 0.0390625
3 0.18515625 0.61171875 0.08125 0.03828125
3 0.11875 0.52578125 0.09375 0.07109375
3 0.40625 0.52109375 0.084375 0.06484375
3 0.71171875 0.515625 0.090625 0.0578125
3 0.72734375 0.609375 0.065625 0.05546875
3 0.72421875 0.68515625 0.09609375 0.07421875
3 0.10859375 0.5984375 0.090625 0.0578125
3 0.10859375 0.69453125 0.090625 0.05234375
3 0.4203125 0.6875 0.090625 0.0625
3 0.41484375 0.609375 0.08359375 0.0609375
3 0.421875 0.78046875 0.09296875 0.05234375
3 0.540625 0.27734375 0.39609375 0.04453125
0 0.74921875 0.51484375 0.20078125 0.0625
0 0.75625 0.59296875 0.20078125 0.09296875
0 0.76484375 0.6796875 0.21875 0.08046875
0 0.74453125 0.778125 0.16171875 0.04765625
0 0.4296875 0.78046875 0.09609375 0.05546875
0 0.475 0.684375 0.17421875 0.06953125
0 0.46015625 0.6046875 0.17421875 0.06953125
0 0.45078125 0.51875 0.19296875 0.06953125
0 0.1140625 0.525 0.0953125 0.06953125
0 0.146875 0.5984375 0.15 0.0640625
0 0.15546875 0.69140625 0.1765625 0.05703125
0 0.8546875 0.3421875 0.1109375 0.05234375
1 0.85390625 0.3421875 0.1203125 0.05234375