2 0.103125 0.17890625 0.1390625 0.07421875
2 0.11015625 0.2734375 0.1390625 0.06171875
2 0.109375 0.36796875 0.1203125 0.06953125
2 0.11015625 0.46484375 0.15 0.07421875
2 0.109375 0.559375 0.12578125 0.08125
2 0.10234375 0.65625 0.11171875 0.07578125
2 0.11484375 0.75546875 0.12578125 0.07890625
2 0.19375 0.07421875 0.34296875 0.046875
3 0.25546875 0.17734375 0.11796875 0.05
3 0.2578125 0.27421875 0.11796875 0.06015625
3 0.28828125 0.3734375 0.1953125 0.06484375
3 0.30234375 0.46796875 0.20078125 0.06171875
3 0.29609375 0.5640625 0.221875 0.05703125
3 0.2953125 0.6578125 0.23515625 0.06171875
3 0.3328125 0.759375 0.26171875 0.06484375
1 0.95078125 0.07421875 0.08046875 0.05
0 0.86640625 0.1875 0.184375 0.04375
0 0.878125 0.27421875 0.12890625 0.0515625
0 0.8859375 0.3625 0.1015625 0.06171875
0 0.88515625 0.46171875 0.1203125 0.06796875
0 0.88359375 0.55546875 0.11796875 0.06484375
0 0.88359375 0.65390625 0.11328125 0.06015625
0 0.8796875 0.74453125 0.13125 0.06328125