2 0.5015625 0.46953125 0.996875 0.93359375
3 0.50234375 0.07578125 0.925 0.04375
3 0.5015625 0.16640625 0.71015625 0.03828125
3 0.5 0.209375 0.61328125 0.025
3 0.50703125 0.2453125 0.89140625 0.025
3 0.4859375 0.28984375 0.76875 0.03359375
3 0.4828125 0.33125 0.7046875 0.03203125
3 0.54296875 0.64921875 0.2390625 0.01328125
3 0.49453125 0.81015625 0.68125 0.02421875
3 0.2328125 0.87578125 0.34375 0.01796875
3 0.759375 0.88203125 0.36875 0.02265625
0 0.24609375 0.875 0.4546875 0.0703125
0 0.75078125 0.87734375 0.43359375 0.06953125
0 0.79921875 0.96875 0.09921875 0.02734375
0 0.5046875 0.96796875 0.1015625 0.02109375
0 0.22578125 0.97109375 0.09609375 0.01484375
1 0.7984375 0.96875 0.15390625 0.04453125
1 0.50078125 0.9703125 0.125 0.03203125
1 0.21953125 0.9734375 0.15625 0.03515625