2 0.07734375 0.06484375 0.08828125 0.04375
2 0.8015625 0.06640625 0.071875 0.02421875
2 0.2390625 0.21953125 0.19296875 0.07109375
2 0.74296875 0.2171875 0.44140625 0.19296875
2 0.228125 0.4984375 0.43828125 0.21328125
2 0.7296875 0.48984375 0.45703125 0.2171875
2 0.2375 0.77265625 0.453125 0.215625
2 0.73671875 0.77109375 0.46015625 0.20703125
2 0.525 0.35390625 0.04296875 0.02734375
2 0.0328125 0.35 0.04375 0.02578125
2 0.028125 0.62734375 0.0484375 0.03046875
2 0.5171875 0.625 0.05859375 0.02578125
2 0.0390625 0.90546875 0.05078125 0.02265625
2 0.51953125 0.90546875 0.0484375 0.02265625
3 0.25234375 0.06796875 0.1765625 0.0375
3 0.1265625 0.35546875 0.11171875 0.02109375
3 0.62890625 0.3546875 0.134375 0.02265625
3 0.60859375 0.63046875 0.09609375 0.03046875
3 0.43046875 0.35 0.03984375 0.02578125
3 0.90625 0.35234375 0.01875 0.01328125
3 0.91953125 0.6265625 0.03515625 0.03203125
3 0.43359375 0.62890625 0.0265625 0.02421875
3 0.14296875 0.63203125 0.13359375 0.03671875
3 0.171875 0.903125 0.18671875 0.02734375
3 0.5875 0.9046875 0.05078125 0.02734375
3 0.91640625 0.90234375 0.0609375 0.02578125
0 0.29921875 0.071875 0.29609375 0.05859375
0 0.9234375 0.06484375 0.0640625 0.03671875
0 0.24921875 0.23984375 0.46015625 0.27578125
0 0.73046875 0.24375 0.48125 0.27734375
0 0.23671875 0.52578125 0.4734375 0.27265625
0 0.72578125 0.51875 0.48125 0.27421875
0 0.23203125 0.79453125 0.4515625 0.26796875
0 0.72421875 0.79921875 0.47890625 0.259375