2 0.0625 0.69921875 0.0265625 0.02734375
2 0.06328125 0.7390625 0.03984375 0.02421875
2 0.91640625 0.6390625 0.0609375 0.0421875
1 0.93125 0.07265625 0.06484375 0.034375
1 0.921875 0.1390625 0.09453125 0.046875
1 0.08203125 0.13515625 0.078125 0.04375
0 0.06875 0.06953125 0.06171875 0.03359375
3 0.14296875 0.21796875 0.18671875 0.046875
3 0.5015625 0.14609375 0.409375 0.0515625
3 0.51328125 0.07890625 0.2484375 0.04375
3 0.12421875 0.278125 0.1390625 0.03203125
3 0.3609375 0.34921875 0.55859375 0.0375
3 0.16328125 0.446875 0.21640625 0.03203125
3 0.115625 0.50078125 0.1390625 0.03046875
3 0.3734375 0.56953125 0.53203125 0.0375
3 0.1265625 0.64921875 0.16015625 0.034375
3 0.240625 0.703125 0.2546875 0.03828125
3 0.19453125 0.74140625 0.2109375 0.034375
3 0.81875 0.6515625 0.11171875 0.0390625
3 0.79609375 0.7890625 0.228125 0.0421875
3 0.115625 0.79921875 0.14453125 0.0421875
3 0.26796875 0.86484375 0.36953125 0.0796875