3 0.11015625 0.57421875 0.18359375 0.0421875
3 0.15546875 0.7171875 0.12890625 0.02734375
3 0.38046875 0.715625 0.14140625 0.03046875
3 0.6203125 0.72734375 0.23671875 0.04453125
3 0.84609375 0.71796875 0.18984375 0.02578125
3 0.1578125 0.88671875 0.146875 0.02421875
0 0.15625 0.66484375 0.16328125 0.084375
0 0.38046875 0.6640625 0.18359375 0.08984375
0 0.609375 0.66328125 0.1859375 0.0875
0 0.84140625 0.665625 0.1984375 0.08984375
0 0.146875 0.828125 0.17421875 0.09296875
2 0.159375 0.6640625 0.1859375 0.09296875
2 0.37890625 0.6609375 0.19296875 0.09140625
2 0.61171875 0.66171875 0.1953125 0.08984375
2 0.83828125 0.66484375 0.21015625 0.09765625
2 0.15078125 0.8265625 0.18046875 0.10703125