3 0.4765625 0.19140625 0.89140625 0.05859375
3 0.3734375 0.25078125 0.66796875 0.08515625
3 0.34375 0.384375 0.63203125 0.09609375
3 0.5015625 0.46328125 0.1515625 0.04609375
3 0.8984375 0.07109375 0.1046875 0.0390625
2 0.8671875 0.28359375 0.16796875 0.13515625
2 0.17734375 0.071875 0.1546875 0.065625
2 0.590625 0.06484375 0.07578125 0.03046875
1 0.78203125 0.06953125 0.07890625 0.05
1 0.67578125 0.0671875 0.0890625 0.04609375
1 0.05703125 0.071875 0.059375 0.03046875
0 0.51640625 0.4765625 0.275 0.05859375
0 0.05703125 0.071875 0.09296875 0.04765625