1 0.096875 0.1015625 0.1703125 0.10078125
1 0.07109375 0.36875 0.1265625 0.37890625
1 0.0734375 0.87109375 0.08984375 0.1078125
0 0.371875 0.109375 0.33671875 0.0578125
0 0.25859375 0.37109375 0.21875 0.35078125
0 0.403125 0.83984375 0.7734375 0.06171875
0 0.39375 0.9046875 0.778125 0.06015625
0 0.946875 0.06875 0.08671875 0.06953125
3 0.36796875 0.10703125 0.30859375 0.0421875
3 0.2625 0.36953125 0.25078125 0.36953125
3 0.3203125 0.83984375 0.35703125 0.04296875
3 0.234375 0.90390625 0.20703125 0.0296875
3 0.86796875 0.5828125 0.19921875 0.44765625
3 0.85859375 0.20234375 0.23671875 0.07421875
2 0.3890625 0.10390625 0.778125 0.13828125