2 0.08515625 0.73203125 0.08359375 0.04609375
2 0.103125 0.8125 0.090625 0.0421875
2 0.06953125 0.065625 0.071875 0.04140625
3 0.196875 0.065625 0.18203125 0.0421875
3 0.32421875 0.13984375 0.55078125 0.0359375
3 0.1625 0.21484375 0.26953125 0.0375
3 0.2296875 0.284375 0.25390625 0.03828125
3 0.74609375 0.34921875 0.15859375 0.04375
3 0.740625 0.43203125 0.296875 0.02578125
3 0.82734375 0.48984375 0.284375 0.0421875
3 0.18359375 0.66015625 0.24375 0.0453125
3 0.36484375 0.73671875 0.3796875 0.05
3 0.26171875 0.80859375 0.1734375 0.040625
3 0.6515625 0.88359375 0.1796875 0.0421875
3 0.87890625 0.8921875 0.153125 0.0453125
1 0.94609375 0.06484375 0.071875 0.03671875
1 0.0625 0.27734375 0.06953125 0.0359375
0 0.73359375 0.3390625 0.503125 0.078125
0 0.7296875 0.42734375 0.5 0.06171875
0 0.83828125 0.49140625 0.2890625 0.0515625
0 0.6234375 0.878125 0.2140625 0.06796875
0 0.85625 0.88046875 0.2296875 0.090625
0 0.35546875 0.74140625 0.41953125 0.07109375
0 0.27890625 0.81484375 0.21953125 0.06484375