3 0.22890625 0.14765625 0.34296875 0.04921875
3 0.159375 0.19765625 0.16875 0.03359375
3 0.16796875 0.2625 0.16171875 0.0421875
3 0.19375 0.33125 0.2140625 0.04765625
3 0.31875 0.4 0.45625 0.05546875
3 0.2109375 0.46953125 0.215625 0.03203125
3 0.1984375 0.5390625 0.1984375 0.0421875
3 0.2046875 0.6109375 0.21640625 0.03671875
3 0.17890625 0.678125 0.153125 0.03359375
3 0.1984375 0.74765625 0.1984375 0.03046875
3 0.20859375 0.81875 0.225 0.040625
3 0.275 0.8890625 0.35703125 0.0390625
0 0.49765625 0.8203125 0.86171875 0.078125
0 0.503125 0.896875 0.86796875 0.07109375
0 0.50546875 0.746875 0.853125 0.07265625
0 0.49921875 0.675 0.85390625 0.07421875
0 0.496875 0.6078125 0.85 0.06640625
0 0.49609375 0.54296875 0.859375 0.07734375
0 0.49609375 0.47265625 0.853125 0.0796875
0 0.49765625 0.4 0.83828125 0.06953125
0 0.49609375 0.3328125 0.84140625 0.07421875
0 0.49453125 0.2640625 0.85546875 0.07734375
0 0.49453125 0.20390625 0.85 0.05625
0 0.90546875 0.15078125 0.08671875 0.04609375
1 0.8625 0.81875 0.08984375 0.040625
1 0.90625 0.1484375 0.075 0.03671875
1 0.50078125 0.065625 0.153125 0.04375