3 0.246875 0.10234375 0.28125 0.03359375
3 0.3140625 0.14921875 0.17421875 0.03984375
3 0.315625 0.215625 0.15859375 0.04609375
3 0.29609375 0.27890625 0.1453125 0.05234375
3 0.30703125 0.34453125 0.16796875 0.04140625
3 0.31171875 0.4140625 0.16484375 0.04453125
3 0.29921875 0.47578125 0.1765625 0.05
3 0.3453125 0.54140625 0.21875 0.053125
3 0.28828125 0.60546875 0.1546875 0.03984375
3 0.30859375 0.67265625 0.1953125 0.04453125
3 0.365625 0.7421875 0.278125 0.04453125
3 0.334375 0.80625 0.21484375 0.04140625
3 0.81640625 0.875 0.1609375 0.03515625
0 0.15390625 0.146875 0.0890625 0.0515625
0 0.81328125 0.875 0.19375 0.05
1 0.16015625 0.2125 0.08125 0.04453125
1 0.14609375 0.28125 0.06640625 0.05
1 0.15703125 0.34375 0.07578125 0.05703125
1 0.15390625 0.4125 0.06328125 0.0515625
1 0.14765625 0.478125 0.08203125 0.0375
1 0.15234375 0.54296875 0.0734375 0.04296875
1 0.15234375 0.60859375 0.09140625 0.0515625
1 0.16171875 0.67265625 0.08515625 0.05859375
1 0.15703125 0.74140625 0.08828125 0.03515625
1 0.15390625 0.80390625 0.06953125 0.0609375