2 0.3390625 0.240625 0.109375 0.10546875
3 0.55390625 0.23984375 0.32109375 0.10078125
3 0.3046875 0.38984375 0.2109375 0.034375
3 0.3015625 0.465625 0.2109375 0.0453125
3 0.50625 0.565625 0.16015625 0.0328125
3 0.49453125 0.61796875 0.5 0.0453125
3 0.50078125 0.73671875 0.26640625 0.046875
3 0.4984375 0.8359375 0.46015625 0.0375
3 0.5015625 0.89609375 0.1203125 0.034375
1 0.090625 0.38984375 0.071875 0.034375
1 0.10546875 0.46328125 0.06953125 0.0375
0 0.496875 0.58046875 0.590625 0.1359375
0 0.490625 0.73046875 0.9203125 0.0921875