2 0.50859375 0.5484375 0.97890625 0.37265625
2 0.80703125 0.11171875 0.08359375 0.046875
2 0.91328125 0.14609375 0.090625 0.0390625
3 0.496875 0.06796875 0.38828125 0.10078125
3 0.50859375 0.2046875 0.63125 0.15078125
3 0.4875 0.31328125 0.23046875 0.03359375
3 0.56640625 0.4203125 0.4359375 0.0421875
3 0.33515625 0.56875 0.090625 0.1734375
3 0.496875 0.55859375 0.11015625 0.19140625
3 0.6515625 0.57109375 0.078125 0.19296875
3 0.50390625 0.79375 0.7 0.04375
0 0.51328125 0.3203125 0.3984375 0.05859375
1 0.934375 0.03359375 0.08515625 0.05234375