3 0.15859375 0.721875 0.14296875 0.02890625
3 0.13046875 0.5734375 0.19375 0.02890625
3 0.16015625 0.8765625 0.1515625 0.04296875
3 0.38203125 0.890625 0.234375 0.04609375
3 0.62578125 0.8875 0.1765625 0.025
3 0.8546875 0.71875 0.19296875 0.03046875
3 0.6203125 0.721875 0.1484375 0.0390625
3 0.3859375 0.721875 0.23671875 0.02890625
2 0.15234375 0.66015625 0.1546875 0.08046875
2 0.38671875 0.65859375 0.1359375 0.08046875
2 0.15859375 0.8234375 0.14296875 0.08203125
2 0.38671875 0.82421875 0.14921875 0.08359375
2 0.625 0.83359375 0.16484375 0.075
2 0.84609375 0.65859375 0.18359375 0.08359375
2 0.61875 0.66015625 0.1515625 0.08046875