1 0.328125 0.0125 0.63125 0.0171875
1 0.78671875 0.01640625 0.15859375 0.01171875
1 0.8515625 0.8296875 0.1234375 0.06796875
1 0.6234375 0.82421875 0.178125 0.06640625
1 0.15078125 0.82734375 0.115625 0.0515625
1 0.39140625 0.81875 0.14453125 0.090625
3 0.95078125 0.01796875 0.0609375 0.01484375
3 0.40546875 0.76953125 0.48515625 0.03203125
3 0.33125 0.7953125 0.33515625 0.0265625
3 0.46328125 0.81953125 0.55859375 0.02265625
3 0.51328125 0.8796875 0.84609375 0.0296875
3 0.26015625 0.7390625 0.48671875 0.03203125
3 0.83125 0.0796875 0.253125 0.04296875
3 0.26875 0.0765625 0.4703125 0.02109375
2 0.50234375 0.503125 0.9953125 0.41796875
0 0.9578125 0.0765625 0.065625 0.04453125
0 0.21953125 0.9734375 0.0859375 0.053125
0 0.49296875 0.96875 0.096875 0.02578125
0 0.79140625 0.978125 0.08828125 0.03671875