3 0.24453125 0.209375 0.44453125 0.0578125
3 0.1265625 0.28125 0.196875 0.0546875
3 0.11875 0.35546875 0.17109375 0.04453125
3 0.5109375 0.07890625 0.81328125 0.078125
3 0.08828125 0.4375 0.0796875 0.07265625
3 0.11953125 0.50546875 0.159375 0.04296875
3 0.2515625 0.58359375 0.459375 0.04921875
3 0.18984375 0.65625 0.32421875 0.04921875
3 0.16484375 0.7234375 0.2796875 0.0484375
3 0.21796875 0.79140625 0.3984375 0.06171875
3 0.178125 0.86875 0.30625 0.05
0 0.23203125 0.96640625 0.1390625 0.06640625
0 0.50859375 0.96328125 0.12421875 0.05234375
0 0.80546875 0.9625 0.15390625 0.05078125
0 0.08359375 0.1453125 0.09375 0.06328125
0 0.9234375 0.14609375 0.08828125 0.03359375
2 0.49765625 0.14609375 0.42109375 0.04765625