3 0.50546875 0.07421875 0.24609375 0.04453125
3 0.4875 0.140625 0.3140625 0.05
3 0.125 0.234375 0.1515625 0.0265625
3 0.17109375 0.30859375 0.21875 0.03046875
3 0.2359375 0.3953125 0.36640625 0.04296875
3 0.18203125 0.47578125 0.265625 0.02890625
3 0.4890625 0.54765625 0.815625 0.0515625
3 0.42890625 0.61171875 0.10078125 0.02734375
1 0.884375 0.60703125 0.07578125 0.03046875
1 0.93984375 0.06796875 0.0984375 0.04765625
2 0.5 0.06875 1 0.0765625
2 0.4953125 0.2390625 0.96875 0.0640625
2 0.4921875 0.3109375 0.96796875 0.06640625
2 0.4921875 0.39375 0.96171875 0.06796875
2 0.4875 0.47890625 0.9453125 0.06796875
2 0.2078125 0.90234375 0.1140625 0.04453125
2 0.346875 0.90078125 0.1140625 0.04453125
2 0.4984375 0.90390625 0.1140625 0.04296875
2 0.64375 0.9046875 0.10078125 0.04140625
2 0.79296875 0.903125 0.10703125 0.0359375
0 0.48125 0.60859375 0.9265625 0.0515625
0 0.20703125 0.90078125 0.1203125 0.03671875
0 0.346875 0.903125 0.1265625 0.02890625
0 0.496875 0.90625 0.14296875 0.0265625
0 0.646875 0.909375 0.1203125 0.01953125
0 0.79453125 0.90546875 0.11640625 0.03203125