3 0.5171875 0.06953125 0.3546875 0.04765625
3 0.48359375 0.196875 0.68515625 0.11328125
3 0.4984375 0.34140625 0.72421875 0.11953125
3 0.246875 0.4515625 0.221875 0.03828125
3 0.903125 0.3578125 0.09453125 0.0296875
3 0.54375 0.5171875 0.81171875 0.05625
3 0.290625 0.6265625 0.29921875 0.0828125
1 0.090625 0.15078125 0.11328125 0.06640625
1 0.09140625 0.29921875 0.1203125 0.04921875
1 0.0921875 0.45078125 0.096875 0.06796875
1 0.09296875 0.59609375 0.09921875 0.05390625
1 0.90625 0.15078125 0.125 0.07890625
1 0.9109375 0.30078125 0.1109375 0.0625
1 0.91953125 0.45234375 0.10625 0.0546875
1 0.91953125 0.60078125 0.10625 0.06484375
0 0.9265625 0.06484375 0.146875 0.05390625
0 0.090625 0.0671875 0.121875 0.0484375
0 0.5203125 0.9703125 0.65546875 0.05078125