3 0.49296875 0.0671875 0.3546875 0.04765625
3 0.4984375 0.12890625 0.403125 0.03828125
3 0.23046875 0.1875 0.2859375 0.03359375
3 0.2375 0.24765625 0.43828125 0.03203125
3 0.61484375 0.3921875 0.621875 0.05390625
3 0.44296875 0.43515625 0.29140625 0.03203125
3 0.4984375 0.55859375 0.10859375 0.03515625
3 0.0984375 0.9171875 0.18359375 0.03046875
3 0.29296875 0.91796875 0.20625 0.02734375
3 0.51015625 0.91796875 0.221875 0.02421875
3 0.71953125 0.915625 0.19375 0.02578125
3 0.9078125 0.915625 0.17890625 0.02734375
3 0.4953125 0.8875 0.359375 0.03046875
1 0.0609375 0.6296875 0.07421875 0.04609375
1 0.18671875 0.6296875 0.103125 0.0453125
1 0.30390625 0.62734375 0.0890625 0.04453125
1 0.93203125 0.628125 0.12421875 0.03828125
1 0.0484375 0.18828125 0.06640625 0.03515625
1 0.41015625 0.18984375 0.06875 0.03515625
1 0.05390625 0.12421875 0.08984375 0.0421875
1 0.94140625 0.06640625 0.11640625 0.04921875
0 0.09609375 0.9171875 0.19140625 0.028125
0 0.2921875 0.915625 0.19140625 0.02734375
0 0.503125 0.9171875 0.221875 0.02421875
0 0.71640625 0.915625 0.1953125 0.02734375
0 0.90859375 0.9140625 0.18046875 0.0296875
0 0.92890625 0.62890625 0.12421875 0.03984375
0 0.0609375 0.62890625 0.07421875 0.046875
0 0.18515625 0.62890625 0.109375 0.05
0 0.30390625 0.62734375 0.09375 0.04453125
0 0.50078125 0.55859375 0.96640625 0.05234375
0 0.04921875 0.1875 0.075 0.03359375
0 0.40546875 0.18984375 0.05390625 0.02890625
0 0.05546875 0.12265625 0.1109375 0.04921875
0 0.94296875 0.0671875 0.1140625 0.05078125
2 0.1609375 0.440625 0.28515625 0.15390625
2 0.06171875 0.06328125 0.1109375 0.05234375