2 0.08046875 0.553125 0.09921875 0.63359375
2 0.50390625 0.90390625 0.70546875 0.06796875
1 0.04765625 0.20625 0.05625 0.03671875
1 0.8390625 0.07109375 0.08203125 0.04375
1 0.946875 0.07578125 0.04296875 0.05
0 0.49921875 0.146875 0.99140625 0.06484375
3 0.159375 0.14453125 0.28046875 0.0359375
3 0.5234375 0.14765625 0.26015625 0.0390625
3 0.84609375 0.13984375 0.20859375 0.03046875
3 0.303125 0.071875 0.5453125 0.0359375
3 0.2390625 0.19765625 0.31484375 0.02109375
3 0.559375 0.5578125 0.79140625 0.63046875