0 0.16796875 0.334375 0.32109375 0.05703125
0 0.12421875 0.4078125 0.2390625 0.04921875
0 0.12421875 0.47421875 0.2390625 0.04375
0 0.12421875 0.5375 0.2203125 0.053125
0 0.11328125 0.65390625 0.20859375 0.109375
0 0.184375 0.77578125 0.3453125 0.06875
0 0.76484375 0.61875 0.21484375 0.08203125
0 0.77578125 0.71015625 0.184375 0.065625
0 0.77578125 0.79453125 0.20390625 0.06953125
3 0.12109375 0.5375 0.184375 0.0359375
3 0.0984375 0.4734375 0.13515625 0.02578125
3 0.0984375 0.40625 0.1484375 0.0265625
3 0.08984375 0.33671875 0.11328125 0.03984375
3 0.11171875 0.62734375 0.16328125 0.0359375
3 0.10078125 0.68359375 0.13984375 0.04375
3 0.2375 0.78203125 0.18203125 0.04140625
3 0.60625 0.25390625 0.1296875 0.0453125
3 0.39921875 0.1609375 0.41171875 0.071875
3 0.76484375 0.88828125 0.171875 0.053125
3 0.821875 0.29296875 0.29140625 0.08203125
3 0.725 0.18671875 0.1109375 0.07890625
1 0.103125 0.16484375 0.178125 0.08984375