3 0.48984375 0.3921875 0.93359375 0.06328125
3 0.5046875 0.4609375 0.94296875 0.0390625
3 0.490625 0.53515625 0.91015625 0.03984375
3 0.1609375 0.59921875 0.228125 0.02734375
3 0.565625 0.60078125 0.1390625 0.040625
3 0.1140625 0.66953125 0.14375 0.02578125
3 0.2484375 0.74296875 0.41796875 0.04453125
3 0.76796875 0.7359375 0.45859375 0.04296875
3 0.9109375 0.06171875 0.14453125 0.02578125
3 0.090625 0.06328125 0.18125 0.0359375
3 0.51328125 0.1171875 0.55703125 0.03359375
3 0.490625 0.31328125 0.21875 0.02421875
3 0.2109375 0.34296875 0.3984375 0.02265625
1 0.93671875 0.5984375 0.08046875 0.03203125
1 0.4484375 0.60078125 0.053125 0.03515625
0 0.49921875 0.8890625 0.94609375 0.06640625
0 0.915625 0.05859375 0.16875 0.02890625
2 0.490625 0.2125 0.265625 0.1375