2 0.746875 0.04765625 0.2734375 0.08828125
2 0.19453125 0.03046875 0.071875 0.034375
2 0.94375 0.021875 0.040625 0.02890625
2 0.5390625 0.38828125 0.18984375 0.33671875
2 0.340625 0.86796875 0.05859375 0.053125
2 0.73359375 0.86484375 0.0640625 0.04375
2 0.9265625 0.86484375 0.0859375 0.05546875
3 0.65390625 0.065625 0.05390625 0.01953125
3 0.81796875 0.04609375 0.09921875 0.06796875
3 0.39921875 0.60234375 0.62578125 0.06796875
3 0.1734375 0.8671875 0.09375 0.03359375
1 0.94921875 0.48046875 0.06640625 0.36015625
1 0.0515625 0.86875 0.08046875 0.05703125
0 0.06484375 0.03125 0.1140625 0.0625
0 0.22265625 0.859375 0.38984375 0.0875
0 0.81015625 0.85703125 0.36640625 0.121875
0 0.94296875 0.0453125 0.09609375 0.08984375