3 0.46796875 0.81484375 0.80546875 0.040625
3 0.5171875 0.88203125 0.17109375 0.02734375
3 0.434375 0.48125 0.51875 0.03515625
3 0.446875 0.5875 0.53515625 0.02890625
3 0.50703125 0.7 0.59609375 0.02890625
3 0.278125 0.2375 0.2109375 0.0953125
0 0.496875 0.884375 0.890625 0.07734375
0 0.4953125 0.77890625 0.15546875 0.03203125
0 0.4953125 0.615625 0.10703125 0.01953125
1 0.4734375 0.55546875 0.67109375 0.309375
1 0.50859375 0.66015625 0.58828125 0.0453125
1 0.44921875 0.2359375 0.11484375 0.0796875
1 0.49609375 0.128125 0.6359375 0.05390625