2 0.33671875 0.1953125 0.6734375 0.325
2 0.828125 0.58515625 0.29296875 0.234375
3 0.89609375 0.13984375 0.16484375 0.01875
3 0.78203125 0.259375 0.19140625 0.02734375
3 0.80859375 0.29609375 0.24140625 0.01171875
3 0.7296875 0.32890625 0.08359375 0.01328125
3 0.95078125 0.01875 0.08046875 0.01171875
3 0.10390625 0.2953125 0.15625 0.02109375
3 0.13359375 0.3328125 0.21015625 0.01875
3 0.24140625 0.40625 0.13828125 0.0171875
3 0.22578125 0.46875 0.12578125 0.02109375
1 0.77109375 0.96953125 0.03359375 0.025
1 0.48359375 0.97265625 0.0734375 0.01875
1 0.2140625 0.975 0.06875 0.01171875
1 0.04140625 0.0140625 0.0546875 0.0265625
1 0.1078125 0.02265625 0.0453125 0.015625
1 0.17109375 0.0203125 0.03515625 0.01953125
1 0.2328125 0.02265625 0.0453125 0.00859375
1 0.29453125 0.01640625 0.04453125 0.01796875
1 0.35234375 0.0203125 0.03828125 0.009375
1 0.415625 0.0234375 0.03984375 0.01171875
1 0.4640625 0.01953125 0.04296875 0.009375
1 0.6890625 0.01953125 0.0640625 0.015625
1 0.73671875 0.01875 0.03046875 0.01640625
1 0.78046875 0.0171875 0.02421875 0.01640625
1 0.8328125 0.01796875 0.02890625 0.01953125
1 0.87734375 0.01640625 0.02890625 0.01484375
1 0.06328125 0.41015625 0.03515625 0.03828125
1 0.07890625 0.4703125 0.08203125 0.0359375
1 0.753125 0.85703125 0.0359375 0.03984375
1 0.79921875 0.78828125 0.01953125 0.01953125
1 0.834375 0.7921875 0.0234375 0.01171875
0 0.7734375 0.965625 0.08515625 0.028125
0 0.4859375 0.9671875 0.1109375 0.028125
0 0.2078125 0.96796875 0.1234375 0.01328125
0 0.0640625 0.39921875 0.0515625 0.02421875
0 0.07734375 0.4625 0.0640625 0.04140625