2 0.503125 0.41640625 0.99375 0.5359375
1 0.12421875 0.125 0.24609375 0.0484375
1 0.696875 0.821875 0.50703125 0.04609375
3 0.5484375 0.12421875 0.215625 0.04609375
3 0.596875 0.19921875 0.196875 0.040625
3 0.26015625 0.1890625 0.1796875 0.04296875
3 0.41953125 0.3875 0.259375 0.046875
3 0.5140625 0.4203125 0.00703125 0.0015625
3 0.53046875 0.44765625 0.2609375 0.03125
3 0.37265625 0.490625 0.20859375 0.03828125
3 0.58125 0.5625 0.1890625 0.03203125
3 0.56484375 0.6109375 0.1703125 0.02734375
3 0.21171875 0.83046875 0.4234375 0.0921875
3 0.703125 0.7953125 0.48046875 0.028125
3 0.69375 0.8609375 0.5296875 0.03203125
0 0.490625 0.7546875 0.14140625 0.0390625
0 0.5203125 0.90703125 0.9484375 0.059375
0 0.9390625 0.75390625 0.11953125 0.05625
0 0.06328125 0.75703125 0.1265625 0.05390625