2 0.5015625 0.275 0.99375 0.1890625
2 0.134375 0.4453125 0.20859375 0.11796875
2 0.13359375 0.58828125 0.21015625 0.1171875
2 0.1453125 0.728125 0.21484375 0.11484375
2 0.13828125 0.89453125 0.21015625 0.08828125
3 0.15390625 0.14375 0.25546875 0.0265625
3 0.46171875 0.1453125 0.26015625 0.01484375
3 0.70703125 0.14296875 0.13203125 0.0203125
3 0.90546875 0.14375 0.13671875 0.01640625
3 0.30546875 0.07109375 0.2546875 0.01953125
3 0.4015625 0.31328125 0.76640625 0.02265625
3 0.10703125 0.278125 0.171875 0.01875
3 0.34609375 0.40234375 0.171875 0.01484375
3 0.5109375 0.42578125 0.48203125 0.01875
3 0.5109375 0.478125 0.50078125 0.01328125
3 0.34921875 0.54453125 0.178125 0.01328125
3 0.42890625 0.5703125 0.34375 0.01484375
3 0.52265625 0.6203125 0.54375 0.02109375
3 0.365625 0.640625 0.20078125 0.01484375
3 0.44609375 0.69375 0.34375 0.02265625
3 0.3390625 0.725 0.134375 0.0171875
3 0.5 0.79921875 0.9296875 0.0171875
3 0.13828125 0.81640625 0.19609375 0.009375
3 0.3515625 0.86484375 0.18203125 0.01875
3 0.49453125 0.89140625 0.46328125 0.01953125
3 0.89609375 0.6890625 0.1515625 0.01640625
3 0.94375 0.01796875 0.07578125 0.01796875
1 0.828125 0.0671875 0.0796875 0.04140625
1 0.94453125 0.075 0.06875 0.04140625
1 0.07734375 0.0734375 0.04921875 0.0265625
1 0.0390625 0.01640625 0.03515625 0.02265625
1 0.10390625 0.01640625 0.02890625 0.02265625
1 0.16328125 0.01796875 0.02890625 0.01875
1 0.221875 0.01875 0.01875 0.01640625
1 0.2875 0.0171875 0.0546875 0.01875
1 0.72578125 0.01796875 0.03359375 0.028125
1 0.77421875 0.015625 0.03046875 0.02109375
1 0.83125 0.01640625 0.03046875 0.0203125
1 0.875 0.01796875 0.03359375 0.01484375
1 0.9109375 0.58828125 0.1046875 0.05546875
1 0.9109375 0.440625 0.09921875 0.05546875
1 0.91328125 0.90546875 0.1 0.05078125
1 0.878125 0.74140625 0.20078125 0.04765625
1 0.78046875 0.97265625 0.08515625 0.03359375
1 0.51328125 0.96796875 0.09921875 0.03359375
1 0.215625 0.9703125 0.10859375 0.034375
0 0.78203125 0.9734375 0.09453125 0.03203125
0 0.50546875 0.96796875 0.10625 0.02890625
0 0.1953125 0.97109375 0.09296875 0.02734375
0 0.90703125 0.90390625 0.096875 0.05078125
0 0.875 0.73671875 0.1984375 0.04921875
0 0.909375 0.58984375 0.1203125 0.05859375
0 0.909375 0.4375 0.11640625 0.0609375
0 0.82109375 0.0734375 0.08046875 0.0359375
0 0.94296875 0.075 0.08671875 0.03828125
0 0.0765625 0.0734375 0.07421875 0.02734375
0 0.15703125 0.1421875 0.271875 0.02890625
0 0.46328125 0.1453125 0.26953125 0.03046875
0 0.70546875 0.14375 0.15390625 0.03515625
0 0.90234375 0.1421875 0.15859375 0.02734375