0 0.071875 0.03515625 0.07421875 0.03359375
0 0.95625 0.96875 0.08359375 0.04453125
0 0.78046875 0.97109375 0.09453125 0.04453125
0 0.5203125 0.97265625 0.15546875 0.04921875
0 0.24609375 0.97109375 0.19921875 0.04921875
0 0.07109375 0.03671875 0.07578125 0.04296875
2 0.5046875 0.4703125 0.990625 0.85078125
3 0.38671875 0.40859375 0.21015625 0.02890625
3 0.40390625 0.8296875 0.178125 0.03984375
3 0.9015625 0.8328125 0.175 0.0265625
3 0.653125 0.5515625 0.05703125 0.03046875
3 0.1453125 0.55390625 0.08671875 0.02890625
3 0.1359375 0.125 0.06875 0.0375
3 0.65546875 0.1234375 0.0953125 0.03203125
1 0.5046875 0.46796875 0.1109375 0.0625
1 0.4984375 0.9671875 0.08984375 0.04375
1 0.22578125 0.96796875 0.115625 0.04296875
1 0.77890625 0.9671875 0.0640625 0.03359375
1 0.94921875 0.96796875 0.06875 0.03984375
1 0.975 0.01015625 0.05 0.0203125
1 0.07890625 0.0328125 0.07890625 0.03671875