2 0.50078125 0.49296875 0.9984375 0.63671875
2 0.49609375 0.1078125 0.9921875 0.15
1 0.0625 0.23046875 0.08203125 0.0875
1 0.2265625 0.21875 0.1515625 0.0640625
1 0.49296875 0.55078125 0.759375 0.51015625
1 0.05859375 0.07265625 0.1140625 0.04296875
3 0.3484375 0.06796875 0.3890625 0.04453125
3 0.19140625 0.14375 0.271875 0.0359375
3 0.51171875 0.14609375 0.18984375 0.025
3 0.8390625 0.14375 0.14296875 0.02890625
3 0.509375 0.87109375 0.47109375 0.05
0 0.83125 0.14765625 0.33671875 0.04921875
0 0.509375 0.15078125 0.29375 0.05546875
0 0.178125 0.1515625 0.35625 0.05703125
0 0.50078125 0.86796875 0.8953125 0.07109375