2 0.146875 0.25078125 0.24609375 0.13671875
2 0.14921875 0.41640625 0.2390625 0.13359375
2 0.15 0.58046875 0.23359375 0.134375
2 0.15078125 0.74609375 0.24296875 0.13125
2 0.15 0.1296875 0.2296875 0.03828125
3 0.625 0.25625 0.68359375 0.13515625
3 0.57890625 0.415625 0.6015625 0.12734375
3 0.44296875 0.86640625 0.8296875 0.06171875
3 0.628125 0.58359375 0.69296875 0.1375
3 0.63125 0.74609375 0.68515625 0.128125
3 0.371875 0.13515625 0.17421875 0.03828125
3 0.259375 0.07421875 0.240625 0.0375
1 0.93828125 0.075 0.09453125 0.04765625
1 0.0703125 0.06953125 0.08125 0.03984375