1 0.8234375 0.07421875 0.09609375 0.05390625
1 0.93046875 0.0734375 0.1046875 0.05234375
1 0.07421875 0.075 0.08671875 0.04609375
0 0.825 0.07578125 0.1109375 0.05390625
0 0.93359375 0.07421875 0.1109375 0.0578125
3 0.27578125 0.0765625 0.1953125 0.04609375
3 0.3109375 0.28671875 0.1890625 0.03515625
3 0.44921875 0.33046875 0.459375 0.0390625
3 0.29296875 0.39765625 0.153125 0.0375
3 0.49765625 0.4375 0.54375 0.0390625
3 0.29296875 0.50859375 0.12890625 0.04609375
3 0.48203125 0.553125 0.4890625 0.040625
3 0.29609375 0.61875 0.13515625 0.04453125
3 0.48203125 0.6625 0.50703125 0.0421875
3 0.29609375 0.734375 0.1296875 0.04453125
3 0.52734375 0.77734375 0.5859375 0.0421875
3 0.37421875 0.22265625 0.08671875 0.028125
3 0.771875 0.22421875 0.07109375 0.02109375
3 0.9125 0.178125 0.0453125 0.046875
3 0.70546875 0.13203125 0.0765625 0.02109375
3 0.24296875 0.1328125 0.07109375 0.01796875
3 0.06875 0.178125 0.040625 0.04140625
2 0.115625 0.3 0.1890625 0.10625
2 0.1140625 0.41328125 0.19140625 0.11640625
2 0.1140625 0.53046875 0.19921875 0.096875
2 0.11640625 0.634375 0.1953125 0.11171875
2 0.11640625 0.75234375 0.1953125 0.11171875