2 0.13828125 0.09453125 0.1984375 0.10390625
1 0.06875 0.26171875 0.06328125 0.03046875
1 0.06484375 0.32890625 0.0515625 0.02734375
1 0.07109375 0.39453125 0.0546875 0.02890625
1 0.06640625 0.4578125 0.05859375 0.03515625
1 0.06875 0.5265625 0.05390625 0.03046875
1 0.06875 0.590625 0.06328125 0.03828125
3 0.221875 0.265625 0.10546875 0.03046875
3 0.22578125 0.3296875 0.11328125 0.0265625
3 0.21796875 0.39453125 0.10078125 0.02265625
3 0.215625 0.459375 0.1015625 0.0328125
3 0.21015625 0.52734375 0.08515625 0.025
3 0.246875 0.59140625 0.178125 0.02109375
0 0.3390625 0.2578125 0.678125 0.0734375
0 0.3390625 0.3296875 0.678125 0.06796875
0 0.3421875 0.3984375 0.684375 0.065625
0 0.33828125 0.46796875 0.67578125 0.06796875
0 0.34375 0.5296875 0.68046875 0.05078125
0 0.33984375 0.58671875 0.671875 0.053125