1 0.0609375 0.03671875 0.07890625 0.04296875
1 0.9421875 0.90546875 0.115625 0.06015625
3 0.30078125 0.03828125 0.3 0.04453125
3 0.19375 0.903125 0.3875 0.0375
3 0.30625 0.13671875 0.3734375 0.06796875
3 0.553125 0.22265625 0.86640625 0.08515625
3 0.25546875 0.30546875 0.284375 0.0765625
3 0.26953125 0.3828125 0.31328125 0.0640625
3 0.25 0.46171875 0.28125 0.06796875
3 0.5046875 0.53125 0.790625 0.05703125
3 0.21875 0.6078125 0.18671875 0.05703125
3 0.24609375 0.68359375 0.265625 0.065625
3 0.3859375 0.76328125 0.540625 0.065625
3 0.2515625 0.83359375 0.28515625 0.06015625
2 0.49765625 0.03671875 0.9953125 0.07265625
2 0.06171875 0.1328125 0.10703125 0.06953125
2 0.06171875 0.209375 0.09453125 0.0734375
2 0.065625 0.3078125 0.0953125 0.07421875
2 0.06171875 0.384375 0.1015625 0.07109375
2 0.06171875 0.4609375 0.0890625 0.0765625
2 0.06875 0.5390625 0.0890625 0.0625
2 0.053125 0.6109375 0.10625 0.07109375
2 0.0640625 0.68828125 0.1109375 0.06796875
2 0.065625 0.759375 0.10859375 0.0609375
2 0.0671875 0.83515625 0.09140625 0.06953125
2 0.50078125 0.91015625 0.9984375 0.0625