2 0.14609375 0.19375 0.21953125 0.10234375
2 0.15078125 0.3078125 0.209375 0.10234375
2 0.14609375 0.4140625 0.23984375 0.09453125
2 0.14921875 0.53203125 0.23203125 0.0984375
2 0.14453125 0.6453125 0.2296875 0.11171875
2 0.14765625 0.759375 0.203125 0.10078125
2 0.153125 0.84296875 0.22578125 0.0515625
0 0.9328125 0.19453125 0.12890625 0.05859375
0 0.92265625 0.30390625 0.06796875 0.05390625
0 0.91640625 0.409375 0.10078125 0.06640625
0 0.9359375 0.53203125 0.08125 0.05390625
0 0.92265625 0.63984375 0.1546875 0.04375
0 0.91953125 0.76015625 0.1609375 0.0453125
0 0.92890625 0.8546875 0.14140625 0.0359375
3 0.459375 0.1703125 0.38671875 0.04765625
3 0.4578125 0.28984375 0.35078125 0.05078125
3 0.44921875 0.39765625 0.3609375 0.05546875
3 0.49140625 0.50546875 0.43828125 0.0453125
3 0.4640625 0.61796875 0.3640625 0.04140625
3 0.44609375 0.72890625 0.36796875 0.0515625
3 0.446875 0.83984375 0.33671875 0.04609375
3 0.4984375 0.065625 0.35 0.04765625