2 0.09609375 0.15390625 0.08828125 0.05078125
2 0.39921875 0.1546875 0.79140625 0.23828125
2 0.0734375 0.31640625 0.05390625 0.0328125
2 0.05859375 0.37890625 0.078125 0.046875
2 0.06796875 0.44453125 0.06953125 0.03046875
2 0.065625 0.515625 0.08046875 0.03359375
2 0.071875 0.584375 0.09375 0.03203125
2 0.06875 0.64609375 0.06171875 0.03828125
3 0.26796875 0.22578125 0.4203125 0.06640625
3 0.30703125 0.32265625 0.2859375 0.03046875
3 0.25703125 0.3859375 0.19296875 0.03671875
3 0.24609375 0.45625 0.184375 0.03515625
3 0.21171875 0.5140625 0.10703125 0.03046875
3 0.2203125 0.58203125 0.1015625 0.03359375
3 0.23359375 0.65390625 0.11796875 0.034375
0 0.26328125 0.32109375 0.459375 0.06328125
0 0.2171875 0.39140625 0.40625 0.05625
0 0.20625 0.459375 0.3796875 0.05859375
0 0.17890625 0.515625 0.35546875 0.04765625
0 0.1515625 0.58125 0.29609375 0.053125
0 0.16015625 0.65 0.30703125 0.08203125