3 0.29140625 0.3171875 0.275 0.0390625
3 0.346875 0.3828125 0.34140625 0.05
3 0.315625 0.45234375 0.315625 0.04296875
3 0.35 0.51796875 0.39296875 0.05546875
3 0.303125 0.58515625 0.290625 0.05546875
3 0.15546875 0.66796875 0.26875 0.05
3 0.17578125 0.75 0.278125 0.04296875
3 0.203125 0.809375 0.32578125 0.04609375
3 0.14921875 0.8859375 0.24375 0.04296875
2 0.36796875 0.153125 0.7359375 0.24609375
1 0.065625 0.31875 0.08203125 0.05
1 0.071875 0.38203125 0.1140625 0.04140625
1 0.075 0.45390625 0.07578125 0.05
1 0.0703125 0.5171875 0.0984375 0.04609375
1 0.065625 0.58203125 0.0640625 0.05234375
0 0.3640625 0.88359375 0.71171875 0.06484375
0 0.35234375 0.58203125 0.7046875 0.07734375
0 0.34140625 0.51171875 0.68203125 0.06015625
0 0.34140625 0.446875 0.68203125 0.0640625
0 0.3390625 0.38125 0.678125 0.0625
0 0.35078125 0.32109375 0.70078125 0.06796875