2 0.30078125 0.559375 0.5984375 0.18984375
2 0.803125 0.5578125 0.39375 0.196875
2 0.5046875 0.884375 0.990625 0.1125
3 0.5453125 0.64140625 0.109375 0.034375
3 0.165625 0.43203125 0.33125 0.04765625
3 0.51796875 0.2984375 0.728125 0.084375
3 0.13359375 0.6921875 0.26640625 0.053125
3 0.696875 0.68828125 0.25 0.05
3 0.9109375 0.75625 0.10703125 0.07109375
3 0.096875 0.80234375 0.18671875 0.04375
3 0.39609375 0.3765625 0.7921875 0.053125
3 0.125 0.915625 0.19453125 0.04609375
3 0.48125 0.91796875 0.178125 0.03671875
3 0.73125 0.91484375 0.29296875 0.04765625
0 0.5 0.18828125 1 0.31640625
0 0.78828125 0.06640625 0.39453125 0.04296875
0 0.08984375 0.06640625 0.128125 0.04609375
0 0.4046875 0.74296875 0.79453125 0.059375
0 0.2984375 0.55859375 0.59609375 0.19921875
0 0.80234375 0.56171875 0.3953125 0.2296875
0 0.38515625 0.37578125 0.76640625 0.0375
1 0.78359375 0.06640625 0.41484375 0.05390625