2 0.11796875 0.4703125 0.125 0.06953125
0 0.87890625 0.39140625 0.20078125 0.25078125
0 0.3515625 0.2203125 0.61953125 0.08203125
0 0.22109375 0.39140625 0.35859375 0.259375
0 0.5046875 0.1515625 0.940625 0.04453125
0 0.478125 0.8671875 0.38984375 0.07421875
3 0.4015625 0.2203125 0.44296875 0.05234375
3 0.18984375 0.14921875 0.29609375 0.028125
3 0.28203125 0.2859375 0.19375 0.0296875
3 0.28515625 0.3703125 0.18671875 0.0390625
3 0.2890625 0.45390625 0.184375 0.0390625
3 0.26171875 0.48828125 0.12890625 0.0265625
3 0.275 0.40859375 0.14609375 0.02734375
3 0.2609375 0.31640625 0.15078125 0.02734375
3 0.49140625 0.91953125 0.953125 0.03359375
3 0.48828125 0.09765625 0.31875 0.06328125