1 0.06015625 0.278125 0.11640625 0.0625
1 0.0609375 0.34765625 0.0890625 0.06015625
1 0.065625 0.41328125 0.090625 0.04921875
1 0.06171875 0.48125 0.1015625 0.05234375
1 0.06171875 0.54453125 0.08671875 0.04140625
1 0.071875 0.60390625 0.1109375 0.046875
2 0.3890625 0.134375 0.77421875 0.2125
2 0.83671875 0.20859375 0.11875 0.06875
0 0.29609375 0.278125 0.28125 0.05625
0 0.29609375 0.34609375 0.28515625 0.05546875
0 0.27421875 0.41015625 0.23671875 0.05078125
0 0.2546875 0.475 0.28359375 0.06640625
0 0.27421875 0.54453125 0.240625 0.04609375
0 0.2703125 0.60703125 0.2484375 0.06015625
0 0.85078125 0.28046875 0.0796875 0.05859375
0 0.859375 0.37265625 0.0484375 0.071875
0 0.85703125 0.45703125 0.09296875 0.05859375
0 0.853125 0.55703125 0.07578125 0.07421875
0 0.8515625 0.63828125 0.11484375 0.04453125
0 0.8515625 0.72890625 0.1 0.04453125
0 0.859375 0.8125 0.09296875 0.05234375
0 0.86796875 0.8890625 0.0984375 0.059375
0 0.94140625 0.28125 0.08359375 0.07109375
3 0.86953125 0.14453125 0.17578125 0.04765625
3 0.82421875 0.075 0.09609375 0.0625