2 0.0609375 0.159375 0.06640625 0.0328125
2 0.0734375 0.23203125 0.08515625 0.0359375
2 0.06875 0.3171875 0.08203125 0.046875
2 0.08203125 0.38984375 0.08359375 0.053125
2 0.08671875 0.4453125 0.12890625 0.03515625
2 0.0625 0.5375 0.075 0.034375
2 0.0609375 0.60078125 0.0890625 0.04375
3 0.4890625 0.20234375 0.65546875 0.10078125
3 0.31796875 0.1125 0.27578125 0.07265625
3 0.50078125 0.56171875 0.67421875 0.46640625
3 0.5171875 0.884375 0.134375 0.040625
0 0.51015625 0.88359375 0.60703125 0.06328125