2 0.496875 0.496875 0.99375 0.74375
2 0.11875 0.0671875 0.08515625 0.04921875
3 0.50546875 0.11640625 0.62890625 0.03125
3 0.26171875 0.06875 0.20078125 0.03515625
3 0.209375 0.58125 0.1234375 0.0890625
3 0.4140625 0.834375 0.08359375 0.05234375
3 0.09140625 0.8390625 0.1390625 0.0375
3 0.65625 0.475 0.10625 0.02421875
3 0.66953125 0.559375 0.15546875 0.02734375
3 0.646875 0.634375 0.0765625 0.02890625
3 0.90625 0.69453125 0.09375 0.02265625
3 0.82421875 0.76484375 0.03828125 0.02421875
3 0.9734375 0.7546875 0.03515625 0.053125
1 0.90625 0.75078125 0.078125 0.0453125
1 0.92109375 0.81796875 0.0859375 0.05234375
1 0.91875 0.16328125 0.090625 0.04375
0 0.92109375 0.16484375 0.12890625 0.05859375
0 0.04140625 0.06640625 0.0828125 0.0453125