3 0.32109375 0.15 0.39296875 0.04140625
3 0.18046875 0.23671875 0.22421875 0.04296875
3 0.4890625 0.2296875 0.259375 0.05703125
3 0.76796875 0.2359375 0.178125 0.05546875
3 0.16796875 0.2984375 0.225 0.04453125
3 0.14921875 0.34609375 0.12421875 0.02265625
3 0.15703125 0.390625 0.1640625 0.03359375
3 0.196875 0.446875 0.225 0.03203125
3 0.221875 0.49453125 0.29375 0.0265625
3 0.2046875 0.55234375 0.24609375 0.0390625
3 0.196875 0.60390625 0.24375 0.0359375
3 0.2328125 0.659375 0.315625 0.03515625
3 0.1890625 0.7125 0.228125 0.0390625
3 0.2328125 0.7625 0.31015625 0.0359375
3 0.2296875 0.815625 0.30390625 0.0265625
3 0.2078125 0.8609375 0.265625 0.0390625
1 0.92421875 0.3453125 0.05390625 0.02890625
1 0.92421875 0.4 0.05390625 0.04453125
1 0.93203125 0.4453125 0.05625 0.03203125
1 0.92578125 0.50234375 0.04453125 0.04296875
1 0.92734375 0.55234375 0.034375 0.03203125
1 0.94296875 0.59765625 0.06015625 0.03359375
1 0.93515625 0.66015625 0.05 0.0515625
1 0.921875 0.71640625 0.07578125 0.03203125
1 0.93203125 0.7578125 0.04453125 0.03359375
1 0.940625 0.8140625 0.06015625 0.04296875
1 0.93359375 0.86796875 0.06015625 0.04296875
1 0.18671875 0.0640625 0.10390625 0.0390625
1 0.06328125 0.0609375 0.09140625 0.04140625
1 0.484375 0.06328125 0.0984375 0.05859375
1 0.6 0.06015625 0.07578125 0.03984375
1 0.721875 0.06484375 0.07890625 0.04453125
1 0.83125 0.0640625 0.0953125 0.03203125
1 0.9484375 0.06953125 0.07578125 0.03515625
2 0.50703125 0.52578125 0.98515625 0.809375
2 0.49609375 0.0625 0.9921875 0.0625