1 0.05625 0.28046875 0.0609375 0.02421875
1 0.06015625 0.34765625 0.0609375 0.03203125
1 0.05546875 0.41484375 0.0515625 0.02890625
1 0.0640625 0.48046875 0.05703125 0.028125
1 0.05703125 0.56640625 0.06640625 0.03046875
1 0.0609375 0.634375 0.0515625 0.02734375
1 0.06484375 0.72265625 0.04453125 0.02890625
1 0.62578125 0.2140625 0.08125 0.03046875
1 0.2203125 0.96796875 0.09296875 0.03828125
1 0.5015625 0.96953125 0.10703125 0.04609375
1 0.7859375 0.96796875 0.1203125 0.0375
0 0.33984375 0.27421875 0.67578125 0.05546875
0 0.34140625 0.33984375 0.6796875 0.06640625
0 0.34453125 0.41015625 0.66640625 0.06015625
0 0.3453125 0.4828125 0.671875 0.06953125
0 0.340625 0.55625 0.66328125 0.06484375
0 0.34140625 0.62578125 0.671875 0.07265625
0 0.3453125 0.71640625 0.6796875 0.07578125
0 0.61875 0.21328125 0.12578125 0.05
0 0.21796875 0.96953125 0.13515625 0.04609375
0 0.50703125 0.97109375 0.13671875 0.04921875
0 0.78203125 0.96796875 0.17578125 0.04375
3 0.275 0.28125 0.23125 0.03515625
3 0.2640625 0.3453125 0.21640625 0.04296875
3 0.26875 0.4140625 0.21484375 0.03671875
3 0.27109375 0.48046875 0.2015625 0.03359375
3 0.340625 0.56171875 0.3515625 0.03828125
3 0.25859375 0.63359375 0.21640625 0.03515625
3 0.26875 0.72265625 0.20703125 0.034375
3 0.13515625 0.21796875 0.2109375 0.03203125
3 0.33828125 0.9015625 0.36875 0.034375
3 0.34140625 0.11171875 0.390625 0.109375
2 0.33515625 0.1375 0.6703125 0.21875