3 0.503125 0.0296875 0.51640625 0.04296875
3 0.50703125 0.12265625 0.4703125 0.05234375
3 0.109375 0.21484375 0.1109375 0.03828125
3 0.16015625 0.278125 0.18125 0.03671875
3 0.48125 0.20625 0.30703125 0.02734375
3 0.578125 0.278125 0.4953125 0.0328125
3 0.2984375 0.40390625 0.403125 0.03125
3 0.8609375 0.40625 0.14453125 0.02578125
0 0.60859375 0.21328125 0.64296875 0.04140625
0 0.61328125 0.2828125 0.615625 0.03984375
0 0.29375 0.40703125 0.55390625 0.05546875
0 0.85390625 0.40703125 0.2515625 0.05859375