3 0.50625 0.06953125 0.35703125 0.05
3 0.13828125 0.1453125 0.178125 0.03046875
3 0.3765625 0.14140625 0.2 0.04453125
3 0.628125 0.140625 0.203125 0.03515625
3 0.83203125 0.19765625 0.22421875 0.03203125
3 0.509375 0.19296875 0.1859375 0.03046875
3 0.17109375 0.19765625 0.25546875 0.0359375
3 0.18515625 0.26171875 0.3484375 0.0359375
3 0.49609375 0.3375 0.63203125 0.03046875
3 0.54609375 0.4078125 0.771875 0.05390625
3 0.55390625 0.5171875 0.80078125 0.11640625
3 0.55390625 0.653125 0.80078125 0.1125
3 0.54921875 0.759375 0.778125 0.0609375
2 0.0875 0.40625 0.10078125 0.05
2 0.0875 0.48515625 0.0953125 0.05546875
2 0.0875 0.628125 0.08203125 0.040625
2 0.0859375 0.75703125 0.0734375 0.04296875
2 0.50234375 0.825 0.9953125 0.071875
2 0.49296875 0.07109375 0.9859375 0.06796875
1 0.16328125 0.89921875 0.17109375 0.06953125
1 0.39453125 0.8953125 0.13359375 0.0625
1 0.58359375 0.9 0.1453125 0.05
1 0.75625 0.8984375 0.0984375 0.05703125
1 0.934375 0.89609375 0.13125 0.05703125
1 0.934375 0.07578125 0.13125 0.05234375
0 0.1640625 0.1953125 0.328125 0.0515625
0 0.13046875 0.896875 0.25625 0.0765625
0 0.365625 0.8984375 0.2015625 0.07109375
0 0.56875 0.9 0.19609375 0.07109375
0 0.7515625 0.89609375 0.16484375 0.078125
0 0.9171875 0.89296875 0.165625 0.06015625