1 0.0765625 0.06875 0.09453125 0.04140625
1 0.16875 0.1421875 0.08125 0.034375
1 0.5015625 0.13984375 0.078125 0.03828125
1 0.83203125 0.14140625 0.0796875 0.040625
1 0.94375 0.0734375 0.06875 0.04453125
1 0.9296875 0.55078125 0.0484375 0.04453125
2 0.5 0.25859375 0.46328125 0.06953125
2 0.5 0.73515625 0.9296875 0.30546875
3 0.5015625 0.32890625 0.64453125 0.03828125
3 0.4984375 0.36171875 0.6109375 0.028125
3 0.5015625 0.44140625 0.16640625 0.03203125
3 0.24453125 0.553125 0.43671875 0.04609375
3 0.15078125 0.85546875 0.19453125 0.03828125
3 0.2609375 0.91328125 0.4703125 0.053125
0 0.92578125 0.61484375 0.040625 0.03828125
0 0.5015625 0.43515625 0.2296875 0.075