1 0.14375 0.1296875 0.06171875 0.03515625
1 0.0984375 0.20078125 0.0765625 0.03671875
1 0.05625 0.06875 0.09140625 0.03515625
3 0.415625 0.13828125 0.4265625 0.03203125
3 0.49453125 0.0671875 0.25078125 0.03515625
3 0.9265625 0.06484375 0.07109375 0.03671875
3 0.3109375 0.20078125 0.34140625 0.03359375
3 0.50234375 0.32734375 0.30078125 0.03828125
3 0.49453125 0.41328125 0.834375 0.028125
3 0.50078125 0.45390625 0.37421875 0.03359375
0 0.9234375 0.06953125 0.11171875 0.04296875
0 0.503125 0.32734375 0.99375 0.0671875
0 0.49453125 0.453125 0.41015625 0.04140625
0 0.078125 0.0734375 0.11875 0.0546875