3 0.50078125 0.77265625 0.30625 0.040625
3 0.50625 0.8328125 0.1484375 0.03671875
3 0.5109375 0.90546875 0.16484375 0.03203125
3 0.5140625 0.12265625 0.31015625 0.03203125
3 0.57265625 0.1828125 0.4265625 0.0484375
3 0.53984375 0.2421875 0.5 0.053125
3 0.475 0.3046875 0.521875 0.05
3 0.378125 0.3703125 0.6765625 0.03515625
3 0.490625 0.478125 0.90703125 0.11171875
3 0.41015625 0.571875 0.728125 0.04296875
3 0.490625 0.67109375 0.91484375 0.11953125
0 0.50390625 0.90703125 0.93359375 0.05703125
0 0.50078125 0.84296875 0.9265625 0.0640625
0 0.496875 0.7734375 0.9203125 0.0640625