3 0.3453125 0.06953125 0.41484375 0.05
3 0.57109375 0.1390625 0.740625 0.05703125
3 0.42578125 0.22265625 0.4296875 0.05390625
3 0.58203125 0.30625 0.75546875 0.04609375
3 0.496875 0.38671875 0.58515625 0.04609375
2 0.1140625 0.14921875 0.14921875 0.078125
2 0.1109375 0.23125 0.12421875 0.07421875
2 0.1125 0.315625 0.1265625 0.07109375
2 0.1125 0.4015625 0.1265625 0.06640625
2 0.49921875 0.89609375 0.790625 0.075
2 0.5 0.07109375 1 0.07421875
1 0.94609375 0.06796875 0.071875 0.04765625
1 0.05625 0.06875 0.1125 0.05