2 0.07265625 0.071875 0.06953125 0.0421875
3 0.53828125 0.1375 0.16015625 0.03515625
3 0.440625 0.0703125 0.63359375 0.0359375
3 0.54296875 0.19921875 0.17421875 0.0375
3 0.56953125 0.26875 0.26484375 0.03203125
3 0.64921875 0.340625 0.40390625 0.03671875
3 0.5734375 0.4046875 0.271875 0.034375
3 0.58125 0.4703125 0.28359375 0.03984375
3 0.65625 0.53515625 0.41796875 0.0359375
3 0.5421875 0.60390625 0.1953125 0.04375
3 0.25859375 0.853125 0.31796875 0.02890625
3 0.44609375 0.75234375 0.078125 0.02734375
3 0.6515625 0.8703125 0.13125 0.03203125
3 0.88046875 0.88515625 0.090625 0.03046875
3 0.73203125 0.821875 0.35546875 0.03359375
3 0.39296875 0.678125 0.709375 0.0484375
3 0.334375 0.45 0.17109375 0.040625
3 0.24921875 0.23671875 0.32109375 0.0421875
3 0.303125 0.16171875 0.240625 0.07109375
1 0.765625 0.8890625 0.0796875 0.046875
1 0.8296875 0.071875 0.090625 0.0453125
0 0.50234375 0.828125 0.93828125 0.2140625
0 0.68828125 0.36328125 0.55078125 0.53359375
0 0.9421875 0.06796875 0.0640625 0.05078125