0 0.77109375 0.875 0.43046875 0.06953125
0 0.08359375 0.64765625 0.08203125 0.0625
3 0.3484375 0.07421875 0.4046875 0.04296875
3 0.13203125 0.14609375 0.20703125 0.04296875
3 0.10546875 0.2828125 0.14453125 0.04921875
3 0.146875 0.38046875 0.23203125 0.05546875
3 0.1515625 0.52265625 0.23203125 0.03828125
3 0.54765625 0.65546875 0.83046875 0.08671875
3 0.91796875 0.56875 0.11875 0.04375
3 0.91171875 0.42890625 0.10625 0.04765625
1 0.91953125 0.37421875 0.11328125 0.046875
1 0.925 0.51875 0.07578125 0.03671875
1 0.0734375 0.0703125 0.08046875 0.05078125