1 0.93203125 0.0703125 0.06953125 0.0453125
1 0.01953125 0.06484375 0.03671875 0.02734375
2 0.84609375 0.72109375 0.2890625 0.0375
2 0.25390625 0.890625 0.10390625 0.03203125
2 0.75234375 0.89140625 0.1765625 0.03359375
2 0.10390625 0.29453125 0.146875 0.03515625
2 0.77265625 0.29921875 0.3765625 0.03828125
2 0.4890625 0.38359375 0.95546875 0.0734375
2 0.4984375 0.134375 0.97421875 0.05859375
2 0.20546875 0.06953125 0.334375 0.03046875
2 0.134375 0.21328125 0.18671875 0.03515625
0 0.24140625 0.88828125 0.4703125 0.08125
0 0.74609375 0.890625 0.484375 0.0859375
0 0.803125 0.21328125 0.33671875 0.03203125