1 0.1125 0.06875 0.09921875 0.05078125
1 0.54140625 0.0578125 0.1140625 0.0421875
1 0.9375 0.071875 0.11953125 0.05234375
3 0.54375 0.09375 0.10859375 0.021875
3 0.4671875 0.16484375 0.56171875 0.03203125
3 0.4734375 0.2734375 0.56171875 0.02890625
3 0.52109375 0.3921875 0.67578125 0.03359375
3 0.39453125 0.4984375 0.41796875 0.04765625
3 0.46875 0.60859375 0.56484375 0.04375
3 0.43671875 0.71953125 0.50703125 0.0390625
3 0.45078125 0.8296875 0.521875 0.03828125
3 0.92421875 0.165625 0.08125 0.03359375
3 0.92734375 0.27734375 0.075 0.040625
3 0.934375 0.38984375 0.065625 0.03203125
3 0.9265625 0.49375 0.06875 0.0375
3 0.9234375 0.61015625 0.075 0.03515625
3 0.92890625 0.7203125 0.071875 0.03359375
3 0.9375 0.828125 0.07109375 0.0390625
0 0.53984375 0.06015625 0.13515625 0.04921875
0 0.11171875 0.06875 0.10859375 0.05078125
0 0.934375 0.071875 0.12578125 0.05546875
0 0.5015625 0.16640625 0.990625 0.10703125
0 0.503125 0.2765625 0.98828125 0.10703125
0 0.5 0.38515625 1 0.10859375
0 0.5 0.496875 1 0.11484375
0 0.5015625 0.61328125 0.996875 0.11328125
0 0.5 0.72109375 1 0.103125
0 0.5 0.8203125 1 0.09453125
2 0.4984375 0.90234375 0.996875 0.06953125
2 0.09921875 0.16640625 0.14453125 0.0828125
2 0.10625 0.27734375 0.159375 0.07734375
2 0.10078125 0.38671875 0.140625 0.07578125
2 0.09765625 0.49609375 0.146875 0.07265625
2 0.09375 0.6125 0.15 0.07734375
2 0.09765625 0.71953125 0.146875 0.06953125
2 0.09609375 0.83125 0.13125 0.06953125