2 0.50546875 0.45546875 0.9890625 0.8203125
2 0.140625 0.10078125 0.153125 0.0671875
2 0.13828125 0.1859375 0.14375 0.08046875
2 0.13671875 0.27265625 0.13984375 0.07734375
2 0.13828125 0.3546875 0.1359375 0.075
2 0.1390625 0.4390625 0.15 0.075
2 0.1453125 0.52578125 0.14296875 0.0828125
2 0.140625 0.609375 0.1265625 0.07265625
2 0.13359375 0.690625 0.12578125 0.08046875
2 0.13828125 0.77109375 0.1234375 0.08046875
2 0.1390625 0.8390625 0.1296875 0.040625
3 0.4265625 0.10703125 0.38515625 0.06171875
3 0.4984375 0.02578125 0.6453125 0.04453125
3 0.43671875 0.1890625 0.41328125 0.05546875
3 0.53828125 0.27578125 0.62109375 0.0515625
3 0.46171875 0.35625 0.4265625 0.06015625
3 0.521875 0.43984375 0.56328125 0.04296875
3 0.546875 0.52265625 0.61796875 0.06953125
3 0.5140625 0.6125 0.54609375 0.0515625
3 0.565625 0.68984375 0.66171875 0.05703125
3 0.4640625 0.7796875 0.43984375 0.04453125
3 0.515625 0.85390625 0.5703125 0.02734375
3 0.33984375 0.90234375 0.36875 0.040625
1 0.1234375 0.9125 0.03046875 0.03984375
0 0.7953125 0.9015625 0.15390625 0.065625