0 0.4984375 0.36953125 0.96796875 0.23203125
0 0.49453125 0.63125 0.95078125 0.2671875
0 0.49921875 0.80234375 0.9453125 0.0375
0 0.134375 0.178125 0.23984375 0.03515625
0 0.94296875 0.07734375 0.1140625 0.06328125
3 0.49609375 0.36796875 0.9390625 0.215625
3 0.1421875 0.23671875 0.20078125 0.0390625
3 0.5875 0.2390625 0.38828125 0.0296875
3 0.50546875 0.63046875 0.90546875 0.24453125
3 0.4984375 0.80390625 0.91953125 0.03203125
3 0.48828125 0.13828125 0.96484375 0.02734375
3 0.4765625 0.17890625 0.953125 0.04453125
3 0.24921875 0.08359375 0.4453125 0.06796875