2 0.07109375 0.06640625 0.11796875 0.06796875
2 0.13359375 0.1734375 0.2265625 0.13046875
2 0.12421875 0.3203125 0.240625 0.12734375
2 0.121875 0.4640625 0.24375 0.128125
2 0.1265625 0.60703125 0.23515625 0.13359375
2 0.1296875 0.75078125 0.23515625 0.13203125
2 0.11953125 0.88671875 0.23828125 0.09765625
3 0.26953125 0.06796875 0.303125 0.03984375
3 0.4796875 0.1578125 0.43671875 0.0484375
3 0.5578125 0.3046875 0.62109375 0.0453125
3 0.5171875 0.45390625 0.5234375 0.05234375
3 0.51015625 0.59296875 0.51484375 0.04921875
3 0.56328125 0.73359375 0.615625 0.06640625
3 0.35546875 0.90390625 0.4234375 0.034375
0 0.80859375 0.071875 0.0984375 0.04453125
0 0.93984375 0.06484375 0.07578125 0.04609375
0 0.82109375 0.9015625 0.12890625 0.0609375