0 0.496875 0.65 0.47890625 0.04921875
0 0.50546875 0.37265625 0.8453125 0.065625
0 0.83046875 0.43984375 0.209375 0.03203125
3 0.21171875 0.18984375 0.20390625 0.0421875
3 0.25546875 0.1359375 0.134375 0.03359375
3 0.52109375 0.246875 0.2546875 0.03828125
3 0.49296875 0.06015625 0.3515625 0.04921875
3 0.5078125 0.30078125 0.84375 0.053125
3 0.83359375 0.4421875 0.24453125 0.04453125
3 0.49375 0.37109375 0.18359375 0.0265625
3 0.50625 0.646875 0.32421875 0.03046875
3 0.35078125 0.5703125 0.5015625 0.08984375
3 0.2265625 0.4359375 0.3140625 0.04609375
1 0.33359375 0.2484375 0.11171875 0.05078125