3 0.178125 0.06953125 0.35625 0.04296875
3 0.16796875 0.1484375 0.29375 0.0515625
3 0.19453125 0.225 0.1640625 0.0515625
3 0.2046875 0.29765625 0.18359375 0.04296875
3 0.31640625 0.37578125 0.38359375 0.05
3 0.31484375 0.4515625 0.3796875 0.05546875
3 0.321875 0.528125 0.3734375 0.04765625
3 0.27890625 0.5984375 0.28125 0.04609375
3 0.25078125 0.675 0.25625 0.0390625
3 0.27890625 0.75703125 0.30703125 0.04296875
3 0.515625 0.90625 0.20546875 0.04140625
3 0.0921875 0.8390625 0.07890625 0.04296875
3 0.2390625 0.8359375 0.06953125 0.02890625
3 0.42578125 0.8359375 0.06328125 0.03203125
3 0.58125 0.8296875 0.05078125 0.0265625
3 0.740625 0.83671875 0.0796875 0.03046875
3 0.92421875 0.83671875 0.0796875 0.0265625
2 0.065625 0.21640625 0.0953125 0.05546875
2 0.06953125 0.2859375 0.09140625 0.04140625
2 0.071875 0.36953125 0.0953125 0.0484375
2 0.0734375 0.45078125 0.09140625 0.05
2 0.06875 0.528125 0.0890625 0.04140625
2 0.07421875 0.60625 0.10078125 0.05859375
2 0.06953125 0.678125 0.11796875 0.04140625
2 0.06875 0.75390625 0.0890625 0.05
2 0.49453125 0.86953125 0.9890625 0.13203125
2 0.49453125 0.06953125 0.9890625 0.078125
1 0.9609375 0.075 0.078125 0.04609375
1 0.94296875 0.20859375 0.09140625 0.05703125
1 0.9484375 0.29375 0.103125 0.05703125
1 0.9421875 0.36953125 0.115625 0.0484375
1 0.9515625 0.44765625 0.09609375 0.0625
1 0.9515625 0.51953125 0.09609375 0.04765625
1 0.9484375 0.59921875 0.07578125 0.04765625
1 0.9453125 0.684375 0.109375 0.05390625
1 0.9484375 0.74921875 0.103125 0.04140625
0 0.52734375 0.90546875 0.20859375 0.04296875
0 0.95078125 0.74453125 0.09453125 0.03984375
0 0.9578125 0.67265625 0.084375 0.0578125
0 0.95703125 0.596875 0.08125 0.05
0 0.95859375 0.5171875 0.07890625 0.05859375
0 0.959375 0.4390625 0.08046875 0.05859375
0 0.94765625 0.3640625 0.10078125 0.04453125
0 0.953125 0.3015625 0.08515625 0.08359375
0 0.953125 0.19765625 0.071875 0.06796875
0 0.959375 0.078125 0.08046875 0.04296875