3 0.1640625 0.57890625 0.328125 0.08515625
3 0.496875 0.659375 0.19296875 0.05
3 0.28984375 0.50859375 0.40546875 0.0375
3 0.215625 0.4578125 0.26875 0.04296875
3 0.3375 0.38359375 0.48046875 0.04765625
3 0.309375 0.2734375 0.259375 0.03359375
3 0.3640625 0.078125 0.33828125 0.053125
3 0.49609375 0.15859375 0.296875 0.05703125
3 0.89140625 0.29453125 0.203125 0.05859375
3 0.85625 0.21875 0.13203125 0.02890625
3 0.3765625 0.21796875 0.2109375 0.0265625
2 0.48671875 0.15625 0.9734375 0.071875
2 0.49296875 0.07421875 0.9859375 0.08046875
2 0.09375 0.2921875 0.16484375 0.0890625
1 0.0640625 0.159375 0.071875 0.03046875
1 0.81875 0.07265625 0.07578125 0.05390625
1 0.94453125 0.06953125 0.0890625 0.03515625
1 0.09296875 0.0765625 0.18515625 0.05390625