0 0.4609375 0.06953125 0.92109375 0.06484375
0 0.4984375 0.51796875 0.878125 0.32109375
0 0.49921875 0.89375 0.996875 0.09609375
3 0.1015625 0.06640625 0.146875 0.02734375
3 0.25703125 0.06640625 0.0796875 0.03046875
3 0.43828125 0.065625 0.13125 0.03203125
3 0.615625 0.07109375 0.090625 0.02734375
3 0.78984375 0.06796875 0.0796875 0.02421875
3 0.21484375 0.390625 0.2515625 0.0484375
3 0.2015625 0.453125 0.2453125 0.040625
3 0.196875 0.525 0.20546875 0.0484375
3 0.18671875 0.58671875 0.23203125 0.04453125
3 0.16171875 0.65078125 0.2140625 0.0375
3 0.18359375 0.334375 0.2265625 0.0515625
3 0.2453125 0.83359375 0.17421875 0.03671875
3 0.75390625 0.8359375 0.15703125 0.01953125
2 0.49140625 0.18828125 0.95 0.17265625
2 0.496875 0.753125 0.9546875 0.11875
2 0.50546875 0.90234375 0.08828125 0.05234375
2 0.24296875 0.896875 0.48515625 0.06640625
2 0.753125 0.9046875 0.49375 0.078125