2 0.18046875 0.2234375 0.23046875 0.13671875
2 0.18125 0.66484375 0.05546875 0.0359375
2 0.17734375 0.70859375 0.05859375 0.02734375
2 0.18671875 0.7578125 0.06171875 0.03203125
2 0.18671875 0.81328125 0.1046875 0.03203125
2 0.18125 0.85546875 0.08359375 0.02265625
1 0.84140625 0.071875 0.06640625 0.0359375
0 0.94765625 0.07265625 0.053125 0.0375
3 0.23125 0.0734375 0.3953125 0.0390625
3 0.08203125 0.13359375 0.13125 0.03046875
3 0.1375 0.3640625 0.21953125 0.10390625
3 0.56328125 0.275 0.33984375 0.26953125
3 0.0703125 0.75859375 0.09609375 0.2203125
3 0.43671875 0.7515625 0.3265625 0.23671875