3 0.33515625 0.1 0.2609375 0.03515625
3 0.4609375 0.15 0.52578125 0.02734375
3 0.4484375 0.1921875 0.509375 0.03515625
3 0.6640625 0.2625 0.2484375 0.02265625
3 0.50390625 0.340625 0.39609375 0.03125
3 0.4953125 0.49609375 0.63671875 0.190625
3 0.68515625 0.61640625 0.26484375 0.02109375
3 0.6671875 0.6671875 0.1859375 0.02734375
3 0.3328125 0.6671875 0.1234375 0.03515625
3 0.3328125 0.73359375 0.196875 0.02265625
3 0.6640625 0.734375 0.24296875 0.02265625
3 0.5015625 0.88046875 0.13671875 0.02421875
0 0.4984375 0.340625 0.6390625 0.0484375
0 0.6609375 0.26171875 0.3046875 0.05234375
0 0.3359375 0.26171875 0.31328125 0.05546875
0 0.340625 0.66796875 0.30625 0.04453125
0 0.6640625 0.66796875 0.3203125 0.04921875
0 0.6671875 0.734375 0.31015625 0.05390625
0 0.34140625 0.73125 0.30703125 0.04453125
0 0.50546875 0.88125 0.68359375 0.05390625
2 0.340625 0.26328125 0.1515625 0.025