2 0.503125 0.35625 0.55078125 0.37890625
2 0.15703125 0.65546875 0.1046875 0.05859375
2 0.40078125 0.65234375 0.15 0.07265625
2 0.61875 0.653125 0.165625 0.06796875
2 0.84765625 0.6578125 0.13203125 0.07421875
2 0.40078125 0.81953125 0.140625 0.06796875
2 0.16640625 0.8203125 0.18828125 0.07890625
1 0.7484375 0.125 0.04921875 0.0359375
1 0.8515625 0.12421875 0.05078125 0.03046875
1 0.9484375 0.12265625 0.04921875 0.03046875
1 0.95078125 0.0625 0.04453125 0.02421875
1 0.85078125 0.06484375 0.04921875 0.02578125
1 0.753125 0.0640625 0.04453125 0.02890625
1 0.05390625 0.06640625 0.05859375 0.03125
1 0.05390625 0.12421875 0.05390625 0.02734375
1 0.1546875 0.125 0.05 0.02734375
3 0.390625 0.7265625 0.18828125 0.0328125
3 0.62890625 0.71875 0.15546875 0.0203125
3 0.84375 0.71796875 0.18359375 0.02265625
3 0.16015625 0.71953125 0.128125 0.021875
3 0.15703125 0.88515625 0.12421875 0.02109375
3 0.384375 0.8859375 0.140625 0.0265625
3 0.11953125 0.57421875 0.1703125 0.02421875
3 0.1515625 0.06328125 0.096875 0.03203125
0 0.05546875 0.0671875 0.103125 0.05234375
0 0.059375 0.12109375 0.11484375 0.053125
0 0.178125 0.12109375 0.12578125 0.046875
0 0.7453125 0.12265625 0.0984375 0.0484375
0 0.853125 0.12109375 0.1 0.05234375
0 0.95546875 0.12109375 0.0890625 0.0484375
0 0.75078125 0.0640625 0.10859375 0.0515625
0 0.8484375 0.06171875 0.10078125 0.05625
0 0.94609375 0.065625 0.096875 0.05625