2 0.49609375 0.29140625 0.9921875 0.2453125
2 0.15703125 0.60703125 0.30390625 0.25078125
2 0.4703125 0.60859375 0.290625 0.2515625
2 0.78046875 0.61015625 0.296875 0.2515625
2 0.96875 0.609375 0.06171875 0.26015625
2 0.15703125 0.90546875 0.29140625 0.06796875
2 0.46953125 0.90234375 0.27890625 0.05546875
2 0.77578125 0.90703125 0.29375 0.05390625
3 0.17265625 0.76328125 0.15859375 0.04453125
3 0.478125 0.76484375 0.16796875 0.04296875
3 0.68359375 0.75 0.021875 0.0140625
3 0.78046875 0.76171875 0.17109375 0.0375
3 0.0765625 0.840625 0.14921875 0.04140625
3 0.29609375 0.14296875 0.21484375 0.04453125
3 0.7265625 0.1375 0.18984375 0.0265625
3 0.6859375 0.07265625 0.22109375 0.03203125
3 0.27265625 0.0703125 0.1359375 0.03359375
0 0.15859375 0.76796875 0.25 0.04609375
0 0.459375 0.76015625 0.23671875 0.04765625
0 0.7765625 0.7625 0.21484375 0.04609375
0 0.98671875 0.7625 0.0265625 0.0359375
0 0.3109375 0.14453125 0.31953125 0.04296875
0 0.740625 0.13671875 0.28828125 0.03203125
0 0.01875 0.05234375 0.03125 0.0015625
0 0.078125 0.0734375 0.0890625 0.04140625
0 0.95 0.0703125 0.1 0.0515625
1 0.840625 0.06875 0.06953125 0.04609375