3 0.496875 0.5390625 0.96953125 0.6515625
3 0.49765625 0.178125 0.253125 0.03203125
3 0.2453125 0.0671875 0.21875 0.05234375
0 0.50078125 0.89765625 0.9984375 0.06953125
1 0.94140625 0.8296875 0.06953125 0.0390625
1 0.05703125 0.13046875 0.10546875 0.059375
1 0.18125 0.13203125 0.07578125 0.04453125
1 0.30390625 0.13046875 0.10625 0.04765625
1 0.40546875 0.1296875 0.0953125 0.05234375
1 0.51796875 0.13125 0.11015625 0.04296875
1 0.93515625 0.1234375 0.1296875 0.040625
1 0.81015625 0.071875 0.10546875 0.0515625
1 0.93671875 0.06875 0.07890625 0.04765625