2 0.2453125 0.20390625 0.4890625 0.15546875
2 0.553125 0.0640625 0.071875 0.05234375
2 0.32734375 0.76484375 0.3046875 0.15546875
2 0.090625 0.76328125 0.15859375 0.15546875
2 0.03671875 0.5875 0.05546875 0.1765625
2 0.04296875 0.4015625 0.06640625 0.16171875
2 0.559375 0.14921875 0.075 0.06015625
2 0.56328125 0.215625 0.09375 0.0453125
2 0.57734375 0.26953125 0.05625 0.02421875
1 0.44453125 0.07578125 0.05859375 0.0375
1 0.403125 0.884375 0.115625 0.06796875
3 0.09453125 0.07734375 0.1390625 0.03515625
3 0.7109375 0.07734375 0.184375 0.040625
3 0.684375 0.13984375 0.13125 0.03671875
3 0.74296875 0.21171875 0.24375 0.03828125
3 0.75546875 0.26640625 0.25625 0.02734375
3 0.20390625 0.36953125 0.20859375 0.02421875
3 0.29921875 0.40703125 0.4203125 0.02109375
3 0.32109375 0.46328125 0.43046875 0.03046875
3 0.28046875 0.50703125 0.40390625 0.03125
3 0.1921875 0.559375 0.1953125 0.03671875
3 0.2765625 0.6046875 0.35859375 0.03671875
3 0.26328125 0.65625 0.128125 0.02890625
3 0.69609375 0.66015625 0.11328125 0.03359375
3 0.49296875 0.3109375 0.10625 0.02890625
3 0.2265625 0.30859375 0.14140625 0.03359375
3 0.7671875 0.31328125 0.1359375 0.02109375
0 0.22734375 0.3078125 0.275 0.0421875
0 0.5359375 0.30859375 0.31015625 0.04375
0 0.803125 0.3078125 0.203125 0.04921875
0 0.70078125 0.65546875 0.39375 0.05703125
0 0.25703125 0.653125 0.33125 0.0546875