0 0.2578125 0.1375 0.48984375 0.05859375
0 0.75625 0.1359375 0.48671875 0.06640625
0 0.090625 0.38046875 0.17578125 0.06875
0 0.45546875 0.38359375 0.21640625 0.04375
0 0.76328125 0.38046875 0.18984375 0.053125
0 0.23046875 0.45 0.45 0.05546875
0 0.753125 0.44765625 0.4734375 0.06484375
0 0.41015625 0.71484375 0.7609375 0.24140625
0 0.3984375 0.890625 0.75078125 0.08203125
0 0.91171875 0.7546875 0.17578125 0.34140625
3 0.49375 0.240625 0.98671875 0.12734375
3 0.5265625 0.32890625 0.53515625 0.034375
3 0.92578125 0.3796875 0.1015625 0.04765625
3 0.5890625 0.3828125 0.07890625 0.0421875
3 0.2609375 0.37578125 0.1109375 0.04765625
3 0.4984375 0.51328125 0.30703125 0.04765625