3 0.5109375 0.06484375 0.10078125 0.03984375
0 0.62578125 0.1796875 0.228125 0.1109375
0 0.88125 0.17578125 0.209375 0.1125
0 0.11875 0.34296875 0.1484375 0.10078125
0 0.3796875 0.36015625 0.23359375 0.1421875
0 0.57109375 0.3265625 0.0859375 0.06015625
0 0.92109375 0.34453125 0.1046875 0.06640625
0 0.1140625 0.496875 0.228125 0.1
0 0.13984375 0.64921875 0.2515625 0.13359375
0 0.11328125 0.82265625 0.22578125 0.128125
0 0.36796875 0.6703125 0.171875 0.1109375
0 0.41796875 0.50390625 0.13828125 0.10703125
0 0.60078125 0.5046875 0.26484375 0.11328125
0 0.865625 0.53046875 0.18515625 0.05234375
0 0.89921875 0.675 0.11796875 0.0953125
0 0.61640625 0.66875 0.171875 0.08359375
0 0.6671875 0.8328125 0.13203125 0.07421875
0 0.346875 0.8375 0.14453125 0.11640625
0 0.88125 0.8265625 0.11796875 0.0796875