3 0.16796875 0.2171875 0.28359375 0.04375
3 0.165625 0.26328125 0.2796875 0.03203125
3 0.11171875 0.31171875 0.18515625 0.03828125
3 0.12890625 0.371875 0.20546875 0.03828125
3 0.2078125 0.43203125 0.3640625 0.03671875
3 0.14296875 0.48203125 0.2515625 0.03671875
3 0.10859375 0.54296875 0.17890625 0.04375
3 0.115625 0.59609375 0.1984375 0.03671875
3 0.10234375 0.6515625 0.17109375 0.03828125
3 0.19140625 0.1390625 0.13515625 0.04765625
3 0.4015625 0.1421875 0.18515625 0.04140625
3 0.61328125 0.1421875 0.09453125 0.03828125
3 0.8453125 0.14296875 0.18125 0.04765625
3 0.3484375 0.06640625 0.38671875 0.04921875
0 0.071875 0.07265625 0.1046875 0.04765625