0 0.08359375 0.1828125 0.08828125 0.04765625
0 0.90703125 0.18359375 0.13125 0.03203125
0 0.50625 0.12265625 0.1515625 0.06640625
0 0.80859375 0.2640625 0.07421875 0.04140625
0 0.92734375 0.26015625 0.084375 0.0421875
0 0.040625 0.25625 0.08046875 0.053125
0 0.86171875 0.91875 0.21484375 0.05859375
0 0.53828125 0.903125 0.26953125 0.0609375
0 0.19140625 0.90546875 0.28359375 0.0625
0 0.15390625 0.82265625 0.175 0.09453125
0 0.478125 0.8 0.31015625 0.12890625
0 0.81484375 0.809375 0.25546875 0.12578125
0 0.23671875 0.1140625 0.21328125 0.03359375
0 0.8296875 0.10234375 0.340625 0.0578125
3 0.27421875 0.1828125 0.1515625 0.0515625
3 0.16953125 0.2546875 0.171875 0.0609375
1 0.853125 0.0578125 0.29375 0.05
1 0.2171875 0.05859375 0.434375 0.034375