2 0.5 0.27578125 1 0.490625
2 0.5 0.75234375 1 0.240625
2 0.06640625 0.5984375 0.08125 0.03046875
0 0.50078125 0.90234375 0.9984375 0.05625
0 0.93984375 0.078125 0.08359375 0.03515625
0 0.075 0.07265625 0.1015625 0.05234375
3 0.4953125 0.90234375 0.3609375 0.03203125
3 0.1953125 0.56328125 0.33125 0.040625
3 0.34375 0.59921875 0.3390625 0.028125
1 0.14296875 0.60078125 0.06328125 0.02890625
1 0.13828125 0.59921875 0.0796875 0.028125
1 0.94140625 0.07265625 0.06875 0.03515625
1 0.06953125 0.06875 0.08671875 0.04375