0 0.071875 0.07421875 0.1203125 0.05234375
0 0.9453125 0.0734375 0.109375 0.05703125
0 0.8890625 0.89765625 0.22109375 0.07890625
0 0.30859375 0.075 0.34140625 0.05703125
2 0.09921875 0.1640625 0.17421875 0.08984375
2 0.09375 0.26875 0.16875 0.08515625
2 0.09609375 0.378125 0.15703125 0.08828125
2 0.09765625 0.4796875 0.17109375 0.09140625
2 0.09921875 0.58515625 0.16875 0.09921875
2 0.1015625 0.6921875 0.16328125 0.09609375
2 0.09921875 0.79609375 0.16328125 0.09609375
3 0.46015625 0.1375 0.54296875 0.03359375
3 0.51484375 0.23984375 0.67421875 0.0328125
3 0.546875 0.3546875 0.72109375 0.0421875
3 0.4 0.77265625 0.4390625 0.0375
3 0.4796875 0.6671875 0.57578125 0.04140625
3 0.35625 0.5640625 0.34609375 0.0421875
3 0.37109375 0.45703125 0.3640625 0.03984375
3 0.92578125 0.19375 0.1484375 0.03203125
3 0.92578125 0.3015625 0.1484375 0.0265625
3 0.9328125 0.40546875 0.134375 0.03046875
3 0.93828125 0.50859375 0.1234375 0.0375
3 0.92265625 0.61953125 0.1546875 0.0359375
3 0.92578125 0.7234375 0.1484375 0.03671875
3 0.9421875 0.83046875 0.115625 0.0296875
3 0.45 0.89921875 0.65703125 0.046875