3 0.56796875 0.1515625 0.809375 0.06953125
3 0.56953125 0.24296875 0.80546875 0.06875
3 0.56484375 0.3328125 0.79609375 0.071875
3 0.5703125 0.42890625 0.80390625 0.06796875
3 0.56640625 0.52109375 0.80703125 0.06796875
3 0.56484375 0.61171875 0.80390625 0.06953125
3 0.57421875 0.70390625 0.79609375 0.0625
3 0.56875 0.7984375 0.80390625 0.06796875
3 0.259375 0.04453125 0.440625 0.05703125
2 0.09375 0.1484375 0.11328125 0.06953125
2 0.09609375 0.240625 0.10703125 0.07265625
2 0.09453125 0.3390625 0.1109375 0.05546875
2 0.1 0.421875 0.13359375 0.05625
2 0.08828125 0.52109375 0.0984375 0.0625
2 0.09609375 0.6109375 0.1 0.06328125
2 0.08984375 0.70703125 0.11328125 0.05390625
2 0.103125 0.80703125 0.109375 0.05703125
2 0.83203125 0.05234375 0.27578125 0.0625