3 0.228125 0.45234375 0.1546875 0.04609375
3 0.27421875 0.371875 0.22578125 0.03828125
3 0.28359375 0.296875 0.2734375 0.03984375
3 0.38359375 0.23046875 0.4515625 0.03203125
3 0.115625 0.17578125 0.171875 0.03984375
3 0.92109375 0.1765625 0.13828125 0.02734375
3 0.51640625 0.06171875 0.24609375 0.03671875
1 0.0859375 0.23203125 0.084375 0.04140625
1 0.08671875 0.2953125 0.12109375 0.06640625
1 0.0921875 0.36953125 0.1046875 0.05859375
1 0.0703125 0.44375 0.10703125 0.05546875
0 0.94921875 0.2328125 0.10078125 0.03984375
0 0.94140625 0.30390625 0.084375 0.0609375
0 0.94140625 0.37578125 0.09140625 0.04609375
0 0.94609375 0.4515625 0.10703125 0.06328125
0 0.90390625 0.9046875 0.19140625 0.08046875
0 0.72109375 0.89921875 0.175 0.071875
0 0.52890625 0.90625 0.1484375 0.06796875
0 0.30625 0.90390625 0.12109375 0.06640625
0 0.11796875 0.903125 0.128125 0.07265625
0 0.0734375 0.06015625 0.12109375 0.04140625