1 0.796875 0.0671875 0.09375 0.0421875
1 0.93359375 0.06640625 0.1203125 0.040625
1 0.0234375 0.06875 0.03984375 0.0359375
1 0.06796875 0.34921875 0.06953125 0.07109375
1 0.203125 0.6296875 0.05546875 0.03203125
1 0.13046875 0.89375 0.0984375 0.0390625
1 0.37421875 0.890625 0.11484375 0.03828125
1 0.615625 0.8953125 0.08515625 0.03515625
1 0.878125 0.89140625 0.10625 0.03671875
1 0.54921875 0.2765625 0.721875 0.06484375
1 0.415625 0.3890625 0.47109375 0.06953125
0 0.50390625 0.6375 0.85546875 0.1203125
0 0.30859375 0.821875 0.390625 0.07890625
3 0.51328125 0.62890625 0.54296875 0.03984375
3 0.33125 0.83203125 0.2859375 0.040625
3 0.5046875 0.9265625 0.88515625 0.02265625
3 0.184375 0.06875 0.2703125 0.0359375
3 0.50390625 0.15703125 0.578125 0.0875
3 0.26796875 0.31171875 0.08359375 0.02734375
3 0.25859375 0.4421875 0.09921875 0.02265625
3 0.53828125 0.315625 0.1546875 0.02265625
3 0.821875 0.31640625 0.18671875 0.01796875
3 0.534375 0.440625 0.1203125 0.03515625
2 0.846875 0.61484375 0.078125 0.03984375
2 0.64921875 0.82890625 0.24921875 0.06328125
2 0.1078125 0.1609375 0.12890625 0.0875
2 0.5265625 0.53203125 0.484375 0.0484375