2 0.5 0.37265625 0.99453125 0.56015625
1 0.13125 0.7015625 0.146875 0.05078125
1 0.38046875 0.70078125 0.1234375 0.05234375
1 0.6234375 0.6984375 0.12890625 0.05078125
1 0.85078125 0.70078125 0.10859375 0.05234375
1 0.1234375 0.7921875 0.15 0.05546875
1 0.37109375 0.79375 0.13515625 0.05234375
1 0.61875 0.79140625 0.13828125 0.05078125
1 0.859375 0.79296875 0.12578125 0.05390625
1 0.85390625 0.8875 0.1203125 0.05234375
1 0.61875 0.89609375 0.13203125 0.04609375
1 0.37265625 0.89140625 0.11953125 0.04453125
1 0.11875 0.89140625 0.12890625 0.05390625
1 0.06640625 0.04296875 0.0953125 0.03515625
1 0.49140625 0.37265625 0.20078125 0.09296875
3 0.2640625 0.04375 0.30625 0.040625
3 0.9328125 0.615625 0.11796875 0.03359375
3 0.071875 0.61328125 0.10703125 0.03515625
3 0.13359375 0.7359375 0.165625 0.0171875
3 0.37578125 0.740625 0.13828125 0.0234375
3 0.628125 0.73984375 0.15625 0.021875
3 0.8515625 0.74140625 0.1296875 0.025
3 0.8578125 0.8359375 0.12890625 0.0234375
3 0.8546875 0.9265625 0.159375 0.02578125
3 0.60703125 0.92578125 0.21015625 0.021875
3 0.61875 0.834375 0.175 0.02578125
3 0.37265625 0.8375 0.16171875 0.0234375
3 0.36640625 0.92734375 0.16328125 0.02421875
3 0.1203125 0.92734375 0.1390625 0.02421875
3 0.1203125 0.83515625 0.16875 0.021875
0 0.18671875 0.6140625 0.084375 0.03046875
0 0.49453125 0.3734375 0.22578125 0.1078125
0 0.128125 0.7046875 0.16484375 0.05546875
0 0.37890625 0.70078125 0.13125 0.05625
0 0.621875 0.70078125 0.15 0.05234375
0 0.84765625 0.70078125 0.1140625 0.05234375
0 0.85625 0.7953125 0.12578125 0.0578125
0 0.6171875 0.79296875 0.146875 0.05078125
0 0.37265625 0.7953125 0.15078125 0.0578125
0 0.125 0.79453125 0.159375 0.059375
0 0.1203125 0.8890625 0.13125 0.05546875
0 0.37421875 0.890625 0.1234375 0.04921875
0 0.61796875 0.89375 0.13515625 0.0453125
0 0.85546875 0.8859375 0.1234375 0.05859375