3 0.5015625 0.14921875 0.6890625 0.11484375
3 0.5140625 0.24296875 0.765625 0.06640625
3 0.4671875 0.36796875 0.55078125 0.07265625
3 0.4609375 0.471875 0.54375 0.0859375
3 0.509375 0.5828125 0.76953125 0.07890625
3 0.503125 0.90703125 0.21171875 0.04296875
2 0.50546875 0.153125 0.9890625 0.30625
2 0.0859375 0.3625 0.11640625 0.090625
2 0.0875 0.4703125 0.10078125 0.08203125
1 0.94140625 0.3640625 0.0890625 0.03046875
1 0.92421875 0.471875 0.0796875 0.0390625
0 0.50078125 0.9015625 0.98984375 0.075