0 0.821875 0.16796875 0.26640625 0.08515625
0 0.821875 0.2671875 0.2890625 0.08203125
0 0.81953125 0.3671875 0.28671875 0.071875
0 0.8265625 0.45703125 0.25 0.084375
0 0.834375 0.55390625 0.28359375 0.07578125
0 0.49921875 0.76328125 0.59453125 0.11015625
0 0.0984375 0.88984375 0.19296875 0.08671875
0 0.284375 0.89296875 0.1796875 0.09609375
0 0.4765625 0.89140625 0.171875 0.09921875
0 0.68671875 0.88828125 0.159375 0.078125
0 0.87890625 0.884375 0.16875 0.09375
3 0.15078125 0.16953125 0.26484375 0.05703125
3 0.134375 0.26484375 0.22421875 0.06484375
3 0.121875 0.37109375 0.18515625 0.07578125
3 0.1640625 0.45703125 0.32421875 0.06640625
3 0.19609375 0.559375 0.38125 0.04140625
3 0.14296875 0.65546875 0.22578125 0.06328125
3 0.5515625 0.65234375 0.22578125 0.0625
3 0.5515625 0.17421875 0.21875 0.053125
3 0.55625 0.271875 0.17578125 0.05390625
3 0.55390625 0.371875 0.19609375 0.05859375
3 0.603125 0.45859375 0.12421875 0.04609375
3 0.56328125 0.55390625 0.2296875 0.05703125