3 0.2390625 0.28515625 0.24375 0.0203125
3 0.24921875 0.20703125 0.234375 0.02265625
3 0.2421875 0.1375 0.19375 0.01796875
3 0.24375 0.3578125 0.23203125 0.0203125
3 0.2421875 0.43125 0.1765625 0.0203125
3 0.24296875 0.50234375 0.153125 0.01796875
3 0.2453125 0.5796875 0.15703125 0.0203125
3 0.240625 0.65234375 0.14375 0.021875
3 0.240625 0.72578125 0.18359375 0.03046875
3 0.2390625 0.8 0.140625 0.02109375
3 0.2390625 0.88125 0.19609375 0.02109375
3 0.634375 0.8796875 0.19296875 0.025
3 0.48203125 0.9078125 0.675 0.0265625
2 0.103125 0.06875 0.20625 0.06484375
2 0.06953125 0.89609375 0.11328125 0.06015625
2 0.4359375 0.88203125 0.16875 0.025
2 0.065625 0.134375 0.071875 0.02578125
2 0.06328125 0.2078125 0.06640625 0.03671875
2 0.0625 0.284375 0.07109375 0.03125
2 0.0640625 0.35625 0.06171875 0.02578125
2 0.06796875 0.4296875 0.0734375 0.02734375
2 0.06328125 0.50234375 0.05703125 0.03203125
2 0.0640625 0.57734375 0.06484375 0.02421875
2 0.06328125 0.6515625 0.08359375 0.02890625
2 0.0640625 0.725 0.06875 0.03359375
2 0.065625 0.79765625 0.06171875 0.03359375
0 0.24296875 0.1359375 0.2765625 0.0453125
0 0.23984375 0.20859375 0.2703125 0.03671875
0 0.24140625 0.284375 0.26953125 0.03515625
0 0.24296875 0.35703125 0.265625 0.0328125
0 0.24140625 0.43046875 0.26015625 0.03671875
0 0.24296875 0.5046875 0.265625 0.0375
0 0.24140625 0.5796875 0.26640625 0.03671875
0 0.24296875 0.6546875 0.2640625 0.03515625
0 0.23984375 0.725 0.2703125 0.03515625
0 0.23671875 0.79921875 0.26953125 0.03359375
1 0.9421875 0.065625 0.09140625 0.05625