3 0.91953125 0.075 0.14375 0.03515625
3 0.21875 0.07578125 0.365625 0.04453125
3 0.196875 0.16640625 0.103125 0.03671875
3 0.70703125 0.16875 0.1609375 0.03515625
3 0.1453125 0.2328125 0.22578125 0.05390625
3 0.2015625 0.31328125 0.11953125 0.05
3 0.6828125 0.3140625 0.13984375 0.040625
3 0.71015625 0.23671875 0.38515625 0.06171875
3 0.7015625 0.46640625 0.1640625 0.040625
3 0.71328125 0.38359375 0.39921875 0.06328125
3 0.24765625 0.46484375 0.225 0.04609375
3 0.215625 0.53125 0.365625 0.03984375
3 0.73046875 0.534375 0.440625 0.03828125
3 0.09765625 0.85859375 0.0953125 0.025
3 0.29375 0.859375 0.13984375 0.02734375
3 0.70546875 0.85859375 0.1296875 0.025
3 0.89921875 0.859375 0.08203125 0.02734375
3 0.13828125 0.62109375 0.0953125 0.02734375
3 0.13515625 0.64765625 0.15703125 0.01953125
3 0.703125 0.6359375 0.46796875 0.03515625
3 0.68984375 0.61328125 0.40546875 0.01953125
1 0.09765625 0.1640625 0.06796875 0.04453125
1 0.5734375 0.1640625 0.07890625 0.04453125
1 0.44375 0.40859375 0.09921875 0.02890625
1 0.57421875 0.31328125 0.06484375 0.04609375
1 0.09765625 0.31484375 0.0953125 0.04609375
1 0.50234375 0.84140625 0.16015625 0.09765625
1 0.09609375 0.8171875 0.11171875 0.05
1 0.2921875 0.8171875 0.103125 0.05390625
1 0.696875 0.81640625 0.11171875 0.05234375
1 0.9046875 0.8203125 0.11328125 0.06015625
1 0.9359375 0.60546875 0.071875 0.0265625
2 0.50078125 0.6328125 0.9984375 0.0921875