3 0.1703125 0.03671875 0.3296875 0.03984375
3 0.17421875 0.0953125 0.321875 0.046875
3 0.20703125 0.18515625 0.40390625 0.10625
3 0.24375 0.28046875 0.45390625 0.06640625
3 0.13046875 0.36484375 0.16875 0.05
3 0.32578125 0.3671875 0.140625 0.046875
3 0.4984375 0.3640625 0.10703125 0.053125
3 0.69453125 0.36328125 0.178125 0.05390625
3 0.88671875 0.36484375 0.11875 0.05078125
3 0.12890625 0.50546875 0.12421875 0.05
3 0.31875 0.503125 0.10703125 0.05
3 0.5046875 0.50625 0.09453125 0.04375
3 0.690625 0.50546875 0.1109375 0.04609375
3 0.88828125 0.50546875 0.128125 0.05625
3 0.11875 0.6453125 0.10390625 0.05546875
3 0.30546875 0.63984375 0.09296875 0.053125
3 0.5109375 0.63984375 0.13359375 0.04453125
3 0.703125 0.646875 0.09453125 0.04765625
3 0.88046875 0.63984375 0.090625 0.053125
3 0.12890625 0.45546875 0.15 0.04296875
3 0.321875 0.45234375 0.140625 0.04609375
3 0.51796875 0.4546875 0.16875 0.040625
3 0.7015625 0.4546875 0.14453125 0.028125
3 0.90546875 0.45625 0.1484375 0.04375
3 0.128125 0.59375 0.1484375 0.02890625
3 0.3140625 0.59453125 0.12421875 0.04140625
3 0.50703125 0.59296875 0.140625 0.03359375
3 0.7015625 0.59765625 0.1515625 0.03203125
3 0.89375 0.59375 0.14609375 0.03984375
3 0.89453125 0.73046875 0.1484375 0.04765625
3 0.6984375 0.73046875 0.14453125 0.04765625
3 0.515625 0.7296875 0.15703125 0.03828125
3 0.31953125 0.73359375 0.1609375 0.04609375
3 0.14609375 0.72890625 0.18515625 0.040625
3 0.1234375 0.78203125 0.128125 0.02421875
3 0.315625 0.77265625 0.109375 0.02265625
3 0.51328125 0.77265625 0.1109375 0.03203125
3 0.7 0.7734375 0.121875 0.02578125
3 0.890625 0.77734375 0.1109375 0.03125
0 0.90859375 0.90078125 0.09453125 0.06171875
0 0.76875 0.9 0.10390625 0.0625
0 0.5953125 0.90234375 0.09453125 0.08046875
0 0.41640625 0.90078125 0.13359375 0.06484375
0 0.246875 0.89609375 0.0984375 0.06640625
0 0.09140625 0.90234375 0.12421875 0.05703125
1 0.11484375 0.41640625 0.14453125 0.03515625
1 0.3140625 0.38359375 0.15 0.121875
1 0.509375 0.38046875 0.1515625 0.10859375
1 0.68984375 0.37578125 0.14296875 0.121875
1 0.87578125 0.37578125 0.1515625 0.125
1 0.86328125 0.17109375 0.26640625 0.175
1 0.11640625 0.5421875 0.1890625 0.08203125
1 0.31328125 0.53984375 0.11484375 0.078125
1 0.49296875 0.5328125 0.09609375 0.08203125
1 0.68125 0.53828125 0.14453125 0.08125
1 0.8765625 0.53203125 0.15703125 0.084375
1 0.11328125 0.67890625 0.1484375 0.075
1 0.3015625 0.67890625 0.121875 0.07734375
1 0.4859375 0.67265625 0.1390625 0.0875
1 0.69140625 0.6796875 0.12421875 0.07578125
1 0.87109375 0.6734375 0.14296875 0.08671875