3 0.49140625 0.07109375 0.90703125 0.03125
3 0.4953125 0.13359375 0.44609375 0.03125
3 0.49375 0.21328125 0.8984375 0.07265625
3 0.4984375 0.63125 0.94453125 0.36171875
3 0.50625 0.834375 0.49140625 0.04296875
3 0.55234375 0.9 0.603125 0.05703125
3 0.13828125 0.359375 0.11953125 0.02265625
3 0.13828125 0.3734375 0.2 0.01953125
1 0.171875 0.9 0.0890625 0.046875
1 0.1640625 0.83828125 0.203125 0.02421875
1 0.859375 0.83203125 0.184375 0.02578125
1 0.05859375 0.13203125 0.04609375 0.02890625
1 0.94296875 0.1375 0.06875 0.03984375
1 0.81796875 0.13125 0.18046875 0.0453125
1 0.1734375 0.13125 0.17890625 0.03515625
0 0.14296875 0.36953125 0.234375 0.075
0 0.4984375 0.8984375 0.790625 0.078125
0 0.503125 0.834375 0.99375 0.0625
0 0.5078125 0.1296875 0.984375 0.05