3 0.16484375 0.13359375 0.29609375 0.04921875
3 0.3640625 0.07265625 0.66875 0.053125
3 0.2796875 0.46171875 0.5 0.06015625
3 0.85234375 0.43828125 0.28046875 0.021875
3 0.746875 0.7234375 0.43828125 0.05078125
3 0.25390625 0.71796875 0.44296875 0.059375
3 0.16015625 0.525 0.30546875 0.03203125
0 0.88671875 0.909375 0.12109375 0.06015625
0 0.6390625 0.9015625 0.14609375 0.06328125
0 0.38125 0.91015625 0.13203125 0.05859375
0 0.13984375 0.90859375 0.11875 0.06953125
0 0.921875 0.1328125 0.14140625 0.06015625
0 0.95078125 0.07578125 0.0984375 0.04375
2 0.50390625 0.29609375 0.96796875 0.23828125
2 0.26953125 0.61171875 0.4390625 0.12109375
2 0.72890625 0.60703125 0.4265625 0.14296875
2 0.7546875 0.81875 0.45390625 0.08984375
2 0.2546875 0.81875 0.48125 0.10078125