3 0.196875 0.27109375 0.228125 0.03671875
3 0.7015625 0.2703125 0.09609375 0.040625
3 0.7859375 0.38515625 0.11015625 0.03515625
3 0.6171875 0.4625 0.09921875 0.02109375
3 0.51875 0.3625 0.1203125 0.0375
3 0.20546875 0.6390625 0.1359375 0.0359375
3 0.7765625 0.571875 0.10625 0.04609375
3 0.50234375 0.80390625 0.515625 0.04375
3 0.515625 0.8796875 0.41484375 0.0375
3 0.515625 0.0859375 0.484375 0.06015625
0 0.509375 0.878125 0.909375 0.07109375
1 0.93671875 0.071875 0.0796875 0.0328125
1 0.07734375 0.07734375 0.09375 0.04921875
2 0.49453125 0.4390625 0.921875 0.61796875