3 0.2984375 0.06953125 0.31484375 0.04609375
3 0.1859375 0.33046875 0.34296875 0.14453125
3 0.246875 0.49453125 0.46484375 0.06875
3 0.31015625 0.58203125 0.59453125 0.05390625
3 0.28125 0.66171875 0.49609375 0.05234375
3 0.2359375 0.734375 0.41328125 0.04609375
3 0.21015625 0.8109375 0.38359375 0.04453125
3 0.13828125 0.8921875 0.21640625 0.05078125
3 0.13359375 0.20390625 0.26640625 0.04765625
0 0.240625 0.146875 0.35546875 0.04765625
0 0.76640625 0.15859375 0.36640625 0.03984375
0 0.07109375 0.07734375 0.10546875 0.03828125
0 0.8796875 0.0671875 0.240625 0.06953125
0 0.896875 0.8765625 0.20546875 0.08671875
0 0.840625 0.40703125 0.31875 0.07578125
0 0.06171875 0.41875 0.1234375 0.040625
0 0.921875 0.284375 0.15546875 0.04375
0 0.93671875 0.50390625 0.12578125 0.07265625
0 0.93515625 0.57890625 0.10703125 0.04765625
0 0.946875 0.65390625 0.10546875 0.03671875
0 0.94375 0.73828125 0.090625 0.05546875
0 0.940625 0.81171875 0.11875 0.05546875