2 0.50703125 0.9015625 0.8109375 0.09140625
1 0.74375 0.83828125 0.08046875 0.03671875
1 0.6109375 0.8421875 0.05625 0.03203125
1 0.44296875 0.8359375 0.053125 0.03203125
1 0.28203125 0.84296875 0.084375 0.03671875
1 0.521875 0.79453125 0.0640625 0.04609375
1 0.96015625 0.72578125 0.0796875 0.0453125
1 0.95390625 0.17265625 0.06484375 0.03203125
1 0.22890625 0.96640625 0.0765625 0.03828125
1 0.509375 0.9703125 0.1046875 0.03203125
1 0.7859375 0.9703125 0.1 0.0453125
1 0.86640625 0.88359375 0.109375 0.03203125
3 0.16484375 0.15 0.3015625 0.06796875
3 0.14296875 0.24453125 0.27421875 0.06171875
3 0.1390625 0.33359375 0.25 0.06640625
3 0.14921875 0.72890625 0.29453125 0.059375
3 0.05546875 0.84921875 0.09296875 0.03203125