2 0.0859375 0.79609375 0.128125 0.03515625
2 0.50078125 0.50546875 0.9984375 0.65546875
1 0.065625 0.07109375 0.08671875 0.04375
1 0.93515625 0.0671875 0.078125 0.04296875
0 0.171875 0.88828125 0.14453125 0.0625
0 0.503125 0.86328125 0.23515625 0.134375
0 0.834375 0.88671875 0.0796875 0.04765625
0 0.1140625 0.7328125 0.13125 0.084375
0 0.89609375 0.73984375 0.15546875 0.11484375
0 0.8953125 0.634375 0.14609375 0.09375
3 0.26875 0.07890625 0.221875 0.04765625
3 0.1953125 0.15078125 0.11328125 0.05859375
3 0.52890625 0.153125 0.33515625 0.06875
3 0.8453125 0.14921875 0.12421875 0.04921875
3 0.821875 0.21015625 0.13671875 0.040625
3 0.05546875 0.2921875 0.0515625 0.071875
3 0.296875 0.31953125 0.1609375 0.06328125
3 0.53203125 0.20703125 0.1390625 0.03828125
3 0.70390625 0.30078125 0.09609375 0.07421875
3 0.77890625 0.49375 0.15390625 0.04375
3 0.9609375 0.45703125 0.059375 0.07421875
3 0.59296875 0.60703125 0.10390625 0.121875
3 0.71015625 0.74765625 0.13125 0.084375
3 0.0703125 0.45078125 0.059375 0.07109375
3 0.059375 0.371875 0.04453125 0.04765625
3 0.13125 0.325 0.04453125 0.03359375
3 0.39140625 0.51328125 0.13125 0.028125
3 0.40625 0.7703125 0.17578125 0.04296875