3 0.37109375 0.3625 0.45390625 0.06875
3 0.4859375 0.17265625 0.88671875 0.07578125
3 0.3734375 0.07265625 0.6796875 0.03984375
3 0.259375 0.27421875 0.4484375 0.03984375
3 0.48359375 0.45234375 0.67421875 0.08359375
3 0.321875 0.5375 0.34453125 0.05625
3 0.41328125 0.62109375 0.49296875 0.06171875
3 0.3859375 0.703125 0.46484375 0.06015625
3 0.45 0.784375 0.6 0.06875
1 0.0734375 0.35234375 0.1203125 0.07578125
1 0.0765625 0.44296875 0.128125 0.06875
1 0.08125 0.540625 0.10390625 0.06640625
1 0.07109375 0.62109375 0.10546875 0.06484375
1 0.0796875 0.69921875 0.13359375 0.06875
1 0.07109375 0.78671875 0.11640625 0.06015625
0 0.90078125 0.35859375 0.13125 0.05703125
0 0.9140625 0.43984375 0.14609375 0.07109375
0 0.90546875 0.53515625 0.17421875 0.059375
0 0.909375 0.61953125 0.18125 0.04921875
0 0.9 0.70234375 0.178125 0.0625
0 0.8859375 0.77734375 0.16484375 0.05546875