0 0.84609375 0.18125 0.04453125 0.0265625
0 0.91171875 0.18046875 0.0484375 0.028125
0 0.08203125 0.90546875 0.1 0.04375
0 0.509375 0.90234375 0.08671875 0.03125
0 0.92421875 0.903125 0.08984375 0.0296875
0 0.22890625 0.96875 0.103125 0.0328125
0 0.51328125 0.971875 0.10078125 0.0296875
0 0.78046875 0.96796875 0.08671875 0.028125
0 0.02421875 0.0671875 0.0484375 0.046875
1 0.07109375 0.20390625 0.071875 0.03359375
3 0.42109375 0.52890625 0.6265625 0.67109375
3 0.26875 0.15 0.4390625 0.05859375
3 0.4796875 0.0671875 0.85 0.04140625
3 0.82265625 0.1484375 0.29375 0.0296875