3 0.2140625 0.11796875 0.10703125 0.05234375
3 0.2046875 0.2140625 0.10703125 0.05390625
3 0.20703125 0.29296875 0.07578125 0.0515625
3 0.21953125 0.38125 0.1140625 0.053125
3 0.2265625 0.471875 0.1203125 0.05703125
3 0.2265625 0.55703125 0.1140625 0.04453125
3 0.21953125 0.6421875 0.1140625 0.0484375
3 0.2390625 0.740625 0.1265625 0.04453125
3 0.2328125 0.82265625 0.15859375 0.05234375
1 0.78046875 0.11484375 0.13984375 0.06953125
1 0.77734375 0.19453125 0.1140625 0.07265625
1 0.78828125 0.2875 0.1109375 0.06953125
1 0.78671875 0.3796875 0.10078125 0.07890625
1 0.79296875 0.4734375 0.10703125 0.07109375
1 0.78046875 0.553125 0.1265625 0.065625
1 0.78671875 0.646875 0.10859375 0.06796875
1 0.78828125 0.73828125 0.1046875 0.06953125
1 0.78671875 0.81171875 0.08828125 0.06640625