0 0.3234375 0.17890625 0.296875 0.04609375
0 0.68046875 0.1828125 0.328125 0.0453125
3 0.4609375 0.1421875 0.30078125 0.03828125
3 0.76953125 0.23359375 0.3453125 0.04609375
3 0.78203125 0.27890625 0.33515625 0.0359375
3 0.7921875 0.325 0.415625 0.04921875
3 0.8125 0.3734375 0.375 0.05390625
3 0.815625 0.42109375 0.36875 0.053125
3 0.78515625 0.4703125 0.4296875 0.053125
3 0.80234375 0.50859375 0.3953125 0.06484375
3 0.81015625 0.5609375 0.3796875 0.05625
3 0.84921875 0.596875 0.30078125 0.05078125
3 0.84453125 0.6484375 0.3109375 0.0703125
3 0.834375 0.6953125 0.33125 0.05390625
3 0.82421875 0.74453125 0.3515625 0.07265625
3 0.86640625 0.7875 0.26640625 0.078125
3 0.86640625 0.83203125 0.26640625 0.06484375
1 0.18828125 0.0828125 0.14140625 0.05859375
1 0.06484375 0.0765625 0.11875 0.07421875
1 0.84453125 0.07578125 0.3109375 0.08359375
2 0.4890625 0.06796875 0.296875 0.07578125