2 0.50703125 0.33046875 0.95078125 0.415625
2 0.3640625 0.06953125 0.0796875 0.04765625
3 0.5640625 0.071875 0.28671875 0.0609375
3 0.08515625 0.0734375 0.1609375 0.05078125
3 0.53359375 0.67890625 0.8984375 0.06796875
3 0.51875 0.759375 0.903125 0.07109375
3 0.515625 0.90859375 0.96875 0.03359375
3 0.84609375 0.5921875 0.1015625 0.05078125
3 0.28125 0.59296875 0.11171875 0.0375
1 0.49453125 0.865625 0.91484375 0.05078125
1 0.71875 0.58828125 0.13671875 0.0515625
1 0.1515625 0.5890625 0.1265625 0.04921875
1 0.94296875 0.0703125 0.04296875 0.06953125
0 0.5078125 0.59375 0.953125 0.06796875