2 0.5453125 0.33828125 0.909375 0.18828125
2 0.6671875 0.0734375 0.17109375 0.0546875
2 0.184375 0.5953125 0.11484375 0.07265625
2 0.33671875 0.4984375 0.1046875 0.02578125
2 0.26015625 0.73359375 0.4390625 0.12265625
2 0.740625 0.7359375 0.39921875 0.11796875
0 0.07421875 0.071875 0.12578125 0.06015625
0 0.50390625 0.6 0.94609375 0.11796875
0 0.25859375 0.73671875 0.47890625 0.14609375
0 0.73515625 0.73984375 0.46328125 0.14921875
0 0.7828125 0.86953125 0.3765625 0.05859375
0 0.19609375 0.8625 0.353125 0.06328125
0 0.553125 0.45859375 0.26484375 0.03671875
1 0.03671875 0.209375 0.05078125 0.16875
3 0.57578125 0.59296875 0.653125 0.06171875
3 0.59140625 0.18984375 0.48125 0.09921875
3 0.4015625 0.071875 0.36875 0.0484375
3 0.19375 0.4984375 0.17578125 0.03203125
3 0.76171875 0.86875 0.2859375 0.03046875
3 0.79375 0.51171875 0.40390625 0.02578125
3 0.55546875 0.46015625 0.221875 0.02734375
3 0.2203125 0.20625 0.1984375 0.0875