0 0.0734375 0.10859375 0.1453125 0.06640625
0 0.1265625 0.1734375 0.240625 0.06015625
0 0.3828125 0.1734375 0.24921875 0.06015625
0 0.6359375 0.1734375 0.240625 0.05703125
0 0.88046875 0.1734375 0.2390625 0.053125
0 0.0625 0.23046875 0.08984375 0.0546875
0 0.0609375 0.515625 0.0984375 0.05546875
0 0.05703125 0.803125 0.08984375 0.06015625
2 0.5140625 0.10703125 0.52890625 0.05703125
2 0.5015625 0.34609375 0.990625 0.28046875
2 0.503125 0.63359375 0.99375 0.28203125
2 0.503125 0.8625 0.99375 0.1640625