0 0.8046875 0.06953125 0.08671875 0.04296875
0 0.93984375 0.07109375 0.08671875 0.04609375
0 0.94921875 0.21015625 0.06875 0.03671875
0 0.94921875 0.2859375 0.06875 0.04453125
0 0.94609375 0.3609375 0.04453125 0.04296875
0 0.94609375 0.4390625 0.06328125 0.040625
0 0.946875 0.51953125 0.05 0.040625
0 0.953125 0.59140625 0.05 0.0375
0 0.95 0.67421875 0.0703125 0.04296875
0 0.9515625 0.74765625 0.05546875 0.03828125
0 0.95078125 0.82890625 0.06484375 0.04375
0 0.1890625 0.13828125 0.19609375 0.040625
0 0.4234375 0.1359375 0.1609375 0.04296875
0 0.66171875 0.1390625 0.1984375 0.04296875
0 0.88984375 0.13359375 0.15390625 0.04296875
3 0.16796875 0.21171875 0.31640625 0.04453125
3 0.18515625 0.28984375 0.3515625 0.04296875
3 0.10625 0.365625 0.1796875 0.04609375
3 0.12890625 0.44296875 0.23515625 0.05859375
3 0.10390625 0.51953125 0.16328125 0.040625
3 0.09296875 0.596875 0.1515625 0.03984375
3 0.14453125 0.66796875 0.2703125 0.04296875
3 0.08125 0.75078125 0.13359375 0.03828125
3 0.1609375 0.83046875 0.3 0.04140625
3 0.23515625 0.071875 0.2515625 0.04140625
1 0.071875 0.06875 0.10390625 0.04765625