0 0.9484375 0.0609375 0.090625 0.03828125
0 0.05546875 0.06640625 0.11015625 0.05703125
0 0.15703125 0.1296875 0.221875 0.03984375
0 0.45625 0.12734375 0.23984375 0.04921875
0 0.78984375 0.128125 0.340625 0.025
0 0.08046875 0.89453125 0.14140625 0.04375
0 0.5015625 0.89765625 0.1484375 0.05546875
0 0.92734375 0.9046875 0.1453125 0.053125
3 0.2484375 0.06640625 0.20859375 0.034375
3 0.21796875 0.1796875 0.384375 0.03984375
3 0.809375 0.1828125 0.38046875 0.02421875
3 0.2609375 0.23359375 0.475 0.06484375
3 0.86484375 0.234375 0.2703125 0.06875
3 0.24375 0.29296875 0.46796875 0.07578125
3 0.85703125 0.3125 0.2859375 0.0703125
3 0.24140625 0.3703125 0.43125 0.06484375
3 0.821875 0.3765625 0.35078125 0.0609375
3 0.225 0.440625 0.3984375 0.06796875
3 0.8296875 0.44453125 0.340625 0.0640625
3 0.2234375 0.509375 0.38828125 0.05703125
3 0.828125 0.5109375 0.34375 0.05703125
3 0.221875 0.5765625 0.41796875 0.06640625
3 0.8328125 0.57578125 0.334375 0.0671875
3 0.23359375 0.72109375 0.42109375 0.06640625
3 0.82265625 0.72109375 0.3546875 0.0515625
3 0.225 0.7921875 0.4109375 0.0609375
3 0.83671875 0.79140625 0.3265625 0.06640625
3 0.246875 0.84921875 0.4484375 0.04140625
3 0.8328125 0.85234375 0.334375 0.0328125