2 0.509375 0.3296875 0.98046875 0.31015625
2 0.19140625 0.7078125 0.28984375 0.08984375
2 0.18828125 0.821875 0.28984375 0.08515625
2 0.1828125 0.91328125 0.2859375 0.03984375
1 0.16640625 0.12890625 0.2859375 0.053125
1 0.83671875 0.5984375 0.3265625 0.03828125
0 0.90703125 0.1375 0.18515625 0.05078125
3 0.45546875 0.52890625 0.859375 0.07421875
3 0.1640625 0.6015625 0.303125 0.05078125
3 0.63125 0.7046875 0.58984375 0.10234375
3 0.62421875 0.8171875 0.56953125 0.09453125
3 0.4796875 0.89921875 0.259375 0.034375