0 0.93671875 0.7015625 0.12578125 0.06484375
0 0.5 0.89296875 1 0.0875
0 0.9515625 0.21484375 0.09609375 0.06015625
0 0.87421875 0.13359375 0.109375 0.04921875
0 0.94375 0.07265625 0.11171875 0.034375
0 0.14921875 0.13359375 0.134375 0.05390625
0 0.05859375 0.0640625 0.11640625 0.04921875
0 0.07109375 0.20234375 0.11875 0.04375
0 0.7984375 0.3375 0.0453125 0.0578125
3 0.5046875 0.34765625 0.55703125 0.04921875
3 0.49609375 0.42109375 0.94296875 0.06015625
3 0.51953125 0.2078125 0.59609375 0.04140625
3 0.4953125 0.06875 0.5390625 0.04140625
2 0.50703125 0.65390625 0.734375 0.38046875