1 0.27109375 0.271875 0.15859375 0.07265625
1 0.87890625 0.33984375 0.14140625 0.04921875
3 0.57421875 0.27890625 0.4609375 0.04609375
3 0.40546875 0.334375 0.75859375 0.05703125
3 0.140625 0.5046875 0.2015625 0.04375
3 0.459375 0.51484375 0.23203125 0.06796875
3 0.75703125 0.5140625 0.221875 0.07421875
3 0.14609375 0.60078125 0.17890625 0.06875
3 0.44453125 0.6015625 0.1890625 0.078125
3 0.78671875 0.59765625 0.23203125 0.0703125
3 0.16796875 0.69296875 0.2015625 0.06640625
3 0.46796875 0.690625 0.221875 0.06640625
3 0.80625 0.6859375 0.22578125 0.04140625
3 0.74609375 0.78515625 0.15078125 0.053125
3 0.415625 0.7875 0.14453125 0.05859375
2 0.5109375 0.41796875 0.821875 0.07578125