0 0.09140625 0.075 0.11640625 0.05625
0 0.209375 0.07265625 0.1 0.05390625
0 0.3234375 0.0765625 0.128125 0.06796875
0 0.4734375 0.07265625 0.14296875 0.06171875
0 0.91328125 0.07734375 0.14453125 0.06328125
0 0.9515625 0.14140625 0.07421875 0.053125
0 0.92578125 0.59921875 0.13359375 0.06796875
0 0.92421875 0.68359375 0.1515625 0.071875
0 0.91328125 0.759375 0.1515625 0.06875
0 0.921875 0.83203125 0.1296875 0.05703125
0 0.753125 0.83046875 0.17578125 0.07265625
0 0.6 0.8234375 0.11875 0.065625
0 0.425 0.82109375 0.15703125 0.06875
0 0.26171875 0.82421875 0.1390625 0.07734375
0 0.08515625 0.8234375 0.13359375 0.078125
0 0.50390625 0.90234375 0.78125 0.071875
3 0.85625 0.13828125 0.11640625 0.04296875
3 0.10703125 0.1796875 0.1890625 0.046875
3 0.13984375 0.23359375 0.2609375 0.05234375