3 0.2390625 0.5484375 0.209375 0.0515625
3 0.2484375 0.4890625 0.22890625 0.0359375
3 0.265625 0.421875 0.26328125 0.04609375
3 0.2390625 0.3609375 0.209375 0.03828125
3 0.278125 0.303125 0.2796875 0.04375
3 0.309375 0.2421875 0.40390625 0.03203125
3 0.246875 0.18203125 0.18515625 0.03046875
3 0.21875 0.11640625 0.1609375 0.03671875
3 0.29609375 0.05703125 0.26328125 0.03828125
3 0.265625 0.9078125 0.26328125 0.04765625
1 0.11875 0.07109375 0.15859375 0.05859375
1 0.08671875 0.1234375 0.128125 0.04609375
1 0.08828125 0.178125 0.13828125 0.0453125
1 0.0953125 0.2390625 0.1390625 0.0453125
1 0.10390625 0.29921875 0.14140625 0.04765625
1 0.1109375 0.3671875 0.1140625 0.04765625
1 0.090625 0.42265625 0.10859375 0.04375
1 0.10234375 0.49140625 0.125 0.059375
1 0.096875 0.5515625 0.13515625 0.05859375
1 0.1015625 0.9 0.090625 0.04375