1 0.1984375 0.246875 0.25625 0.15078125
1 0.49609375 0.25 0.25703125 0.13515625
1 0.80390625 0.24609375 0.2640625 0.13515625
1 0.19375 0.4 0.23359375 0.1296875
1 0.4890625 0.4 0.24375 0.13359375
1 0.790625 0.40234375 0.2640625 0.13125
1 0.2015625 0.54765625 0.278125 0.14296875
1 0.49609375 0.5421875 0.25 0.13671875
1 0.80078125 0.5484375 0.24375 0.14453125
1 0.84296875 0.89765625 0.234375 0.08515625
3 0.240625 0.07578125 0.37578125 0.053125
3 0.26171875 0.91015625 0.5234375 0.03046875
0 0.94921875 0.07109375 0.10078125 0.04765625