1 0.43203125 0.190625 0.31328125 0.096875
1 0.10859375 0.315625 0.11796875 0.0421875
1 0.10234375 0.38203125 0.11796875 0.04140625
1 0.10703125 0.4453125 0.128125 0.04765625
1 0.109375 0.51484375 0.1109375 0.04921875
1 0.096875 0.58046875 0.12109375 0.0515625
1 0.10703125 0.65 0.12109375 0.053125
1 0.0984375 0.7171875 0.11796875 0.06328125
1 0.10546875 0.78203125 0.13125 0.05859375
1 0.10390625 0.84375 0.128125 0.053125
1 0.1015625 0.90859375 0.13125 0.05703125
1 0.18671875 0.06953125 0.253125 0.05546875
3 0.25546875 0.3203125 0.15546875 0.04765625
3 0.3109375 0.390625 0.271875 0.03203125
3 0.29609375 0.4453125 0.26953125 0.02890625
3 0.240625 0.51875 0.1453125 0.04140625
3 0.2609375 0.58359375 0.17890625 0.034375
3 0.27421875 0.64921875 0.21875 0.04375
3 0.246875 0.71328125 0.17890625 0.03984375
3 0.296875 0.78203125 0.2796875 0.04765625
3 0.30078125 0.85078125 0.271875 0.03984375
3 0.23515625 0.9125 0.13515625 0.03828125
3 0.878125 0.06328125 0.24375 0.0421875