2 0.09453125 0.38515625 0.1890625 0.0921875
2 0.11171875 0.490625 0.19140625 0.1140625
2 0.1046875 0.5953125 0.1703125 0.08828125
2 0.10546875 0.71171875 0.2109375 0.1203125
2 0.1046875 0.8234375 0.18515625 0.08828125
2 0.10859375 0.91171875 0.178125 0.07578125
2 0.50625 0.13046875 0.20625 0.08671875
3 0.38046875 0.36484375 0.35859375 0.0421875
3 0.51171875 0.225 0.6640625 0.08984375
3 0.49765625 0.47578125 0.54375 0.06796875
3 0.4921875 0.59296875 0.58984375 0.065625
3 0.38515625 0.7015625 0.31328125 0.06015625
3 0.325 0.80546875 0.23515625 0.05234375
3 0.5203125 0.909375 0.5890625 0.04453125
0 0.90390625 0.38515625 0.1140625 0.05390625
0 0.8984375 0.49140625 0.13828125 0.04375
0 0.89375 0.60234375 0.16328125 0.04609375
0 0.90390625 0.7109375 0.14921875 0.03828125
0 0.9109375 0.82265625 0.128125 0.0421875