3 0.38671875 0.06796875 0.60546875 0.0359375
3 0.34609375 0.15859375 0.540625 0.0453125
3 0.21015625 0.2484375 0.24296875 0.0375
3 0.171875 0.3390625 0.19140625 0.04140625
3 0.353125 0.43046875 0.51875 0.03359375
3 0.303125 0.51875 0.45 0.03359375
3 0.1859375 0.60703125 0.20390625 0.04765625
3 0.21640625 0.69296875 0.25546875 0.03984375
3 0.2125 0.78515625 0.22890625 0.04609375
3 0.21015625 0.8703125 0.24296875 0.03515625
0 0.890625 0.0734375 0.04140625 0.0421875
0 0.88125 0.15703125 0.0640625 0.04765625
0 0.88671875 0.2453125 0.05625 0.05390625
0 0.88359375 0.3359375 0.078125 0.05546875
0 0.87890625 0.41953125 0.071875 0.0578125
0 0.88125 0.51328125 0.0546875 0.0421875
0 0.88671875 0.60234375 0.0796875 0.05078125
0 0.88046875 0.69453125 0.075 0.03984375
0 0.88125 0.78984375 0.06796875 0.04296875
0 0.878125 0.86640625 0.0703125 0.03828125