3 0.49765625 0.13828125 0.30078125 0.04375
3 0.50625 0.21640625 0.371875 0.04375
3 0.51484375 0.2890625 0.46328125 0.05390625
3 0.53671875 0.34765625 0.5890625 0.04765625
3 0.5078125 0.41328125 0.63203125 0.053125
3 0.49921875 0.47578125 0.453125 0.04609375
3 0.51328125 0.54375 0.41953125 0.04765625
3 0.51328125 0.61484375 0.39921875 0.04609375
3 0.49296875 0.66875 0.5953125 0.04921875
3 0.52890625 0.740625 0.659375 0.04140625
3 0.51796875 0.8125 0.59921875 0.06328125
3 0.509375 0.8796875 0.58203125 0.0609375
3 0.4625 0.0734375 0.40625 0.02890625
1 0.20078125 0.0734375 0.153125 0.06328125
0 0.05625 0.0734375 0.07421875 0.04765625