2 0.3390625 0.09296875 0.67578125 0.1125
3 0.31796875 0.2109375 0.2953125 0.04453125
3 0.24765625 0.26875 0.19921875 0.040625
3 0.2921875 0.34296875 0.31015625 0.05390625
3 0.29140625 0.40703125 0.24296875 0.04609375
3 0.271875 0.475 0.196875 0.06796875
3 0.28984375 0.53203125 0.2796875 0.05078125
3 0.28359375 0.59375 0.2765625 0.05390625
3 0.403125 0.66484375 0.446875 0.06484375
0 0.334375 0.20234375 0.66640625 0.06328125
0 0.3390625 0.27109375 0.66640625 0.05859375
0 0.334375 0.34453125 0.66640625 0.06171875
0 0.3421875 0.409375 0.6734375 0.0640625
0 0.33359375 0.47734375 0.66171875 0.06171875
0 0.3375 0.53828125 0.6546875 0.05625
0 0.3390625 0.5984375 0.66640625 0.0546875
0 0.33671875 0.66953125 0.66171875 0.07421875
1 0.06328125 0.20546875 0.0890625 0.04140625
1 0.06953125 0.27109375 0.08828125 0.03828125
1 0.0734375 0.3390625 0.1 0.028125
1 0.065625 0.403125 0.09375 0.0359375
1 0.09140625 0.4859375 0.1140625 0.06015625
1 0.071875 0.5359375 0.0890625 0.03671875
1 0.071875 0.5984375 0.0890625 0.03203125
1 0.0765625 0.6609375 0.1015625 0.03984375