3 0.3484375 0.44765625 0.096875 0.04765625
3 0.4953125 0.88671875 0.109375 0.05234375
3 0.07578125 0.50859375 0.15078125 0.034375
1 0.94140625 0.44609375 0.096875 0.0546875
1 0.06171875 0.44765625 0.08046875 0.05703125
1 0.60859375 0.44296875 0.09296875 0.05234375
1 0.35078125 0.4484375 0.14921875 0.06328125
1 0.58046875 0.50625 0.76328125 0.0296875
1 0.49296875 0.55234375 0.9859375 0.03828125
1 0.0359375 0.59765625 0.06875 0.0390625
1 0.51171875 0.8046875 0.90703125 0.0390625
1 0.93125 0.88203125 0.125 0.06171875
1 0.06171875 0.88203125 0.11328125 0.06171875
1 0.22109375 0.9640625 0.09296875 0.05234375
1 0.4890625 0.96640625 0.08046875 0.03828125
1 0.771875 0.97109375 0.096875 0.03828125
2 0.49609375 0.378125 0.4640625 0.07734375