3 0.16484375 0.0640625 0.321875 0.05703125
3 0.390625 0.1921875 0.296875 0.06640625
3 0.36328125 0.36875 0.24375 0.07734375
3 0.421875 0.55078125 0.35 0.05703125
3 0.47578125 0.72109375 0.46796875 0.06953125
3 0.1890625 0.9109375 0.24609375 0.0421875
3 0.50703125 0.915625 0.21328125 0.0296875
3 0.82421875 0.91328125 0.24609375 0.0375
1 0.13828125 0.19140625 0.17890625 0.10859375
1 0.146875 0.375 0.1734375 0.10234375
1 0.146875 0.5546875 0.13984375 0.10234375
1 0.146875 0.73203125 0.184375 0.10703125
0 0.51875 0.86796875 0.13984375 0.07109375
0 0.81640625 0.8640625 0.13671875 0.05703125
0 0.209375 0.86328125 0.13125 0.06171875
0 0.50078125 0.19140625 0.94296875 0.16875
0 0.49765625 0.371875 0.9546875 0.17421875
0 0.50625 0.5515625 0.97109375 0.178125
0 0.5015625 0.72265625 0.96328125 0.1640625