3 0.27421875 0.73671875 0.21328125 0.05546875
3 0.32109375 0.8109375 0.3 0.03984375
3 0.21328125 0.65546875 0.36796875 0.04921875
3 0.27734375 0.07265625 0.50859375 0.04765625
3 0.36875 0.14765625 0.38671875 0.04140625
3 0.42421875 0.19765625 0.471875 0.04609375
3 0.38125 0.22421875 0.39453125 0.06796875
3 0.3515625 0.29296875 0.334375 0.03203125
3 0.3765625 0.34921875 0.3703125 0.03046875
3 0.4734375 0.39765625 0.56328125 0.0625
3 0.334375 0.45625 0.3140625 0.02265625
3 0.32421875 0.50546875 0.29921875 0.05703125
3 0.45234375 0.559375 0.52890625 0.07421875
1 0.10546875 0.73671875 0.1390625 0.05546875
1 0.0921875 0.81640625 0.1046875 0.05546875
1 0.09609375 0.50546875 0.19140625 0.0984375
1 0.0984375 0.3390625 0.17890625 0.12421875
1 0.0984375 0.18359375 0.1453125 0.096875
0 0.88203125 0.196875 0.2359375 0.11640625
0 0.8484375 0.34765625 0.215625 0.11796875
0 0.8671875 0.515625 0.225 0.11640625
0 0.9390625 0.0703125 0.10859375 0.04921875