3 0.21875 0.14296875 0.1609375 0.03984375
3 0.23203125 0.21640625 0.203125 0.03359375
3 0.23359375 0.296875 0.2390625 0.0359375
3 0.225 0.37109375 0.209375 0.03671875
3 0.2015625 0.434375 0.16171875 0.04375
3 0.215625 0.50625 0.16171875 0.03203125
3 0.225 0.57734375 0.1890625 0.02265625
3 0.215625 0.653125 0.175 0.0515625
3 0.27109375 0.07578125 0.21171875 0.05390625
1 0.08046875 0.6578125 0.10078125 0.0609375
1 0.06640625 0.58359375 0.08125 0.04609375
1 0.071875 0.50390625 0.1109375 0.06484375
1 0.06875 0.43203125 0.090625 0.05546875
1 0.065625 0.365625 0.084375 0.05859375
1 0.07734375 0.28984375 0.12109375 0.06640625
1 0.07578125 0.21640625 0.1046875 0.0609375
1 0.08671875 0.15078125 0.1015625 0.0703125
0 0.95 0.08515625 0.09453125 0.04609375
0 0.071875 0.0765625 0.09140625 0.05546875