2 0.49921875 0.1640625 0.63828125 0.07734375
3 0.509375 0.25 0.62421875 0.03515625
3 0.1484375 0.3296875 0.12578125 0.03671875
3 0.19140625 0.4953125 0.190625 0.0265625
3 0.2515625 0.7875 0.31015625 0.04765625
0 0.2015625 0.41875 0.2546875 0.09453125
0 0.52421875 0.42109375 0.21796875 0.09296875
0 0.80703125 0.41796875 0.20625 0.09296875
0 0.2 0.58515625 0.20703125 0.08671875
0 0.50859375 0.58125 0.23203125 0.08828125
0 0.8140625 0.578125 0.22109375 0.09921875
0 0.2015625 0.6921875 0.2046875 0.08984375
0 0.5046875 0.6984375 0.23515625 0.10859375
0 0.20703125 0.8765625 0.2046875 0.09453125
0 0.5046875 0.87578125 0.21328125 0.09921875
0 0.8140625 0.88046875 0.23203125 0.09921875