3 0.43984375 0.06875 0.6390625 0.0375
3 0.29296875 0.146875 0.11328125 0.0234375
3 0.3140625 0.16875 0.1703125 0.0171875
3 0.371875 0.1890625 0.27109375 0.0171875
3 0.1453125 0.16328125 0.1109375 0.02109375
3 0.88828125 0.16171875 0.09609375 0.02109375
3 0.14140625 0.3109375 0.0703125 0.02578125
3 0.31171875 0.3078125 0.15078125 0.0265625
3 0.56171875 0.3078125 0.2359375 0.02890625
3 0.8265625 0.30859375 0.171875 0.02265625
3 0.9890625 0.30546875 0.02109375 0.01953125
3 0.509375 0.40546875 0.8859375 0.04921875
3 0.58046875 0.50703125 0.39609375 0.0765625
3 0.775 0.75703125 0.08671875 0.02421875
3 0.83671875 0.85234375 0.121875 0.01640625
3 0.5296875 0.91953125 0.14453125 0.02265625
3 0.35078125 0.91640625 0.153125 0.01953125
3 0.125 0.91640625 0.21640625 0.01875
3 0.17578125 0.85390625 0.2515625 0.02109375
3 0.5328125 0.23515625 0.184375 0.02421875
3 0.53515625 0.2609375 0.21640625 0.02578125
3 0.3796875 0.24921875 0.0515625 0.02421875
3 0.26796875 0.25 0.1953125 0.0625
3 0.07578125 0.24765625 0.13203125 0.02265625
3 0.83671875 0.25390625 0.11328125 0.01953125
1 0.4390625 0.915625 0.01875 0.01171875
1 0.24609375 0.91640625 0.01640625 0.01484375
1 0.9671875 0.3625 0.065625 0.03984375
1 0.946875 0.25234375 0.05859375 0.034375
1 0.95078125 0.0640625 0.07109375 0.04609375
1 0.8328125 0.07109375 0.10859375 0.04921875
1 0.07421875 0.071875 0.08203125 0.04453125
1 0.04453125 0.31328125 0.06171875 0.04296875
1 0.034375 0.12890625 0.04453125 0.02265625
2 0.14609375 0.16328125 0.140625 0.07734375
2 0.5 0.2515625 1 0.06015625
2 0.4984375 0.6234375 0.996875 0.328125
0 0.88671875 0.16171875 0.13671875 0.03515625
0 0.82578125 0.06875 0.09921875 0.04296875
0 0.9421875 0.07578125 0.07890625 0.0375
0 0.0328125 0.12890625 0.03828125 0.01953125
0 0.9609375 0.36015625 0.06875 0.04375
0 0.140625 0.31015625 0.08203125 0.03046875
0 0.31171875 0.309375 0.16015625 0.03203125
0 0.56171875 0.30859375 0.2453125 0.0359375
0 0.82421875 0.309375 0.18125 0.02421875
0 0.98515625 0.30546875 0.0296875 0.0203125
0 0.83984375 0.8515625 0.16484375 0.03828125