0 0.20546875 0.37109375 0.31015625 0.109375
0 0.50390625 0.3734375 0.28671875 0.109375
0 0.80390625 0.37109375 0.30625 0.1140625
0 0.80390625 0.48046875 0.30625 0.10078125
0 0.5078125 0.48046875 0.303125 0.109375
0 0.19921875 0.46875 0.31484375 0.1046875
0 0.196875 0.5875 0.3109375 0.109375
0 0.5078125 0.58359375 0.2859375 0.10234375
0 0.81640625 0.59296875 0.290625 0.10703125
0 0.79609375 0.69921875 0.290625 0.1
0 0.50390625 0.696875 0.3015625 0.109375
0 0.1953125 0.7015625 0.290625 0.10078125
0 0.903125 0.19765625 0.1734375 0.040625
0 0.64296875 0.1921875 0.3546875 0.04765625
0 0.27578125 0.1921875 0.3390625 0.05234375
0 0.49453125 0.86328125 0.9890625 0.0796875
3 0.22578125 0.36953125 0.18984375 0.025
3 0.50546875 0.37109375 0.25 0.0546875
3 0.7921875 0.3703125 0.265625 0.04296875
3 0.8484375 0.48046875 0.16171875 0.03671875
3 0.5015625 0.475 0.22578125 0.07578125
3 0.2296875 0.48515625 0.18125 0.04609375
3 0.19453125 0.58828125 0.24140625 0.07109375
3 0.48359375 0.584375 0.20546875 0.0703125
3 0.80234375 0.590625 0.2453125 0.06640625
3 0.80078125 0.69453125 0.21796875 0.07265625
3 0.5203125 0.696875 0.16484375 0.06328125
3 0.18671875 0.70234375 0.22578125 0.03828125
3 0.19296875 0.871875 0.334375 0.03203125
3 0.48984375 0.79453125 0.36328125 0.04609375
3 0.56640625 0.06796875 0.71015625 0.04140625
3 0.51171875 0.1390625 0.4640625 0.0640625
2 0.7296875 0.475 0.1 0.05234375
2 0.10234375 0.48125 0.05625 0.03359375
2 0.40546875 0.68046875 0.05625 0.04609375
1 0.06640625 0.075 0.12890625 0.04609375
1 0.22109375 0.97265625 0.11640625 0.04609375
1 0.51171875 0.97109375 0.10078125 0.05703125
1 0.784375 0.97109375 0.1296875 0.05703125