1 0.50703125 0.18203125 0.56953125 0.159375
1 0.13203125 0.7390625 0.21875 0.0984375
1 0.40625 0.721875 0.28359375 0.11796875
1 0.678125 0.72578125 0.15859375 0.10625
1 0.90546875 0.73203125 0.1890625 0.10625
1 0.18125 0.86875 0.28359375 0.1484375
1 0.51328125 0.86640625 0.2796875 0.14453125
1 0.85078125 0.8640625 0.29375 0.15078125
1 0.93671875 0.06953125 0.12109375 0.06640625
0 0.2640625 0.36953125 0.3609375 0.1234375
0 0.27890625 0.521875 0.35078125 0.11640625
0 0.71875 0.36875 0.39453125 0.1140625
0 0.721875 0.515625 0.38671875 0.11640625
3 0.21328125 0.6421875 0.3265625 0.03046875