3 0.51171875 0.12421875 0.17421875 0.034375
3 0.17109375 0.18046875 0.0546875 0.03671875
3 0.50859375 0.18125 0.0765625 0.0390625
3 0.8375 0.18203125 0.0640625 0.0359375
3 0.18125 0.375 0.084375 0.0359375
3 0.50625 0.37578125 0.071875 0.04453125
3 0.8390625 0.37578125 0.0859375 0.040625
3 0.18046875 0.5671875 0.0953125 0.040625
3 0.50546875 0.565625 0.065625 0.0421875
3 0.83515625 0.565625 0.06875 0.04296875
3 0.51875 0.74765625 0.75078125 0.04609375
0 0.51171875 0.25234375 0.1796875 0.04609375
0 0.84765625 0.24921875 0.19375 0.05234375
0 0.16875 0.24609375 0.171875 0.04609375
0 0.1765625 0.44296875 0.19375 0.0625
0 0.50625 0.43828125 0.20390625 0.04375
0 0.8328125 0.44140625 0.18984375 0.05078125
0 0.83671875 0.63515625 0.171875 0.06328125
0 0.50625 0.6296875 0.20390625 0.0640625
0 0.16875 0.63046875 0.16875 0.04765625
0 0.06875 0.08359375 0.0953125 0.06171875