0 0.49921875 0.17734375 0.91484375 0.06953125
0 0.4734375 0.24765625 0.90625 0.03828125
0 0.47265625 0.3265625 0.9453125 0.0359375
0 0.47578125 0.40546875 0.9515625 0.0578125
0 0.509375 0.49140625 0.98125 0.0453125
0 0.29375 0.6109375 0.509375 0.04765625
0 0.33125 0.690625 0.615625 0.03984375
0 0.934375 0.79609375 0.0984375 0.05546875
0 0.51015625 0.90703125 0.9796875 0.06015625
0 0.27265625 0.075 0.5359375 0.065625
1 0.934375 0.59765625 0.13046875 0.03828125
3 0.440625 0.79765625 0.78046875 0.04921875