0 0.5109375 0.29453125 0.18125 0.11328125
0 0.92734375 0.44453125 0.1453125 0.0640625
0 0.95 0.07265625 0.09453125 0.08515625
0 0.0734375 0.0734375 0.08125 0.0609375
0 0.11796875 0.64296875 0.14296875 0.03828125
0 0.2765625 0.64921875 0.175 0.02265625
0 0.48671875 0.6421875 0.21484375 0.03671875
0 0.71015625 0.6421875 0.221875 0.0421875
0 0.70546875 0.68203125 0.221875 0.03359375
0 0.5234375 0.68515625 0.146875 0.03671875
0 0.33984375 0.6875 0.2515625 0.0484375
0 0.11953125 0.68828125 0.1703125 0.040625
0 0.3171875 0.89609375 0.165625 0.06796875
0 0.52578125 0.896875 0.18828125 0.07578125
0 0.7109375 0.8953125 0.16328125 0.07265625
0 0.91484375 0.890625 0.16640625 0.0703125
0 0.13046875 0.890625 0.2109375 0.06015625
3 0.415625 0.07734375 0.55390625 0.06171875
3 0.40390625 0.52421875 0.77109375 0.05234375
3 0.43828125 0.584375 0.8390625 0.04765625
3 0.51328125 0.92109375 0.121875 0.02265625
3 0.70703125 0.91640625 0.125 0.02265625
3 0.90625 0.91640625 0.1109375 0.021875
3 0.31484375 0.91796875 0.13359375 0.01796875
3 0.10703125 0.9140625 0.121875 0.0203125
2 0.50234375 0.2953125 0.9953125 0.375
2 0.49921875 0.7859375 0.953125 0.07734375
1 0.3125 0.8890625 0.103125 0.0359375
1 0.51640625 0.8859375 0.146875 0.04140625
1 0.7125 0.88515625 0.1140625 0.03515625
1 0.896875 0.8859375 0.0703125 0.0421875
1 0.1171875 0.88203125 0.10625 0.03359375