2 0.48203125 0.35859375 0.3 0.16015625
2 0.76328125 0.32265625 0.0484375 0.05703125
1 0.4328125 0.90078125 0.146875 0.06484375
1 0.115625 0.24140625 0.08515625 0.04765625
1 0.9390625 0.0734375 0.08046875 0.03046875
0 0.52734375 0.703125 0.9453125 0.05859375
0 0.17578125 0.14453125 0.3296875 0.06015625
0 0.50703125 0.1484375 0.31875 0.05546875
0 0.8421875 0.15078125 0.315625 0.0546875
3 0.48984375 0.70390625 0.33671875 0.04765625
3 0.49296875 0.7734375 0.6640625 0.0421875
3 0.87421875 0.32265625 0.18515625 0.07578125
3 0.49921875 0.2390625 0.29140625 0.05234375
3 0.17578125 0.14296875 0.1203125 0.03046875
3 0.48359375 0.146875 0.09921875 0.02578125
3 0.8328125 0.15 0.12890625 0.02890625
3 0.2109375 0.0734375 0.334375 0.0390625
3 0.80625 0.42734375 0.26796875 0.03515625
3 0.51015625 0.4796875 0.3296875 0.03203125
3 0.14609375 0.5125 0.20546875 0.05078125
3 0.18203125 0.57265625 0.278125 0.03671875
3 0.1921875 0.62890625 0.275 0.03671875