1 0.06171875 0.06796875 0.04296875 0.0375
1 0.95234375 0.078125 0.0953125 0.05078125
1 0.0734375 0.4515625 0.05390625 0.0375
0 0.14921875 0.89765625 0.21640625 0.05
0 0.434375 0.8953125 0.13359375 0.0421875
0 0.640625 0.89609375 0.12890625 0.06171875
0 0.8578125 0.89765625 0.14140625 0.05859375
0 0.903125 0.603125 0.146875 0.07578125
0 0.90703125 0.7109375 0.1390625 0.07421875
3 0.35546875 0.07265625 0.41953125 0.046875
3 0.15703125 0.14609375 0.27578125 0.02734375
3 0.10546875 0.1875 0.18203125 0.02890625
3 0.25859375 0.2296875 0.46796875 0.0375
3 0.1703125 0.309375 0.31875 0.04609375
3 0.06796875 0.35 0.090625 0.0421875
3 0.26328125 0.453125 0.2515625 0.046875
3 0.15078125 0.54921875 0.25078125 0.03046875
3 0.25234375 0.59921875 0.44921875 0.03515625
3 0.096875 0.62890625 0.11796875 0.03046875
3 0.221875 0.69296875 0.38203125 0.0375
3 0.090625 0.72890625 0.1046875 0.03828125
3 0.17890625 0.796875 0.290625 0.034375
3 0.153125 0.84375 0.2453125 0.03515625