0 0.7015625 0.05859375 0.12578125 0.06640625
0 0.83359375 0.06953125 0.11875 0.0625
0 0.95546875 0.07265625 0.075 0.04921875
0 0.51015625 0.06796875 0.1203125 0.04921875
0 0.39921875 0.07734375 0.0765625 0.04765625
0 0.28203125 0.075 0.084375 0.04765625
0 0.175 0.08046875 0.11640625 0.059375
0 0.08046875 0.07265625 0.08203125 0.04765625
0 0.07421875 0.1359375 0.075 0.04609375
0 0.071875 0.18984375 0.084375 0.03828125
0 0.1671875 0.19453125 0.0546875 0.05546875
0 0.1734375 0.1375 0.0734375 0.0234375
0 0.275 0.12578125 0.06640625 0.05390625
0 0.27578125 0.1890625 0.084375 0.05703125
0 0.38203125 0.1890625 0.06640625 0.0578125
0 0.36953125 0.12265625 0.0734375 0.04375
0 0.48984375 0.12578125 0.0609375 0.04921875
0 0.4921875 0.18828125 0.09375 0.04765625
2 0.51171875 0.5765625 0.9765625 0.68984375