0 0.503125 0.6421875 0.696875 0.0875
0 0.70859375 0.52265625 0.3265625 0.04921875
0 0.06875 0.071875 0.12421875 0.07265625
3 0.50546875 0.64453125 0.175 0.03046875
3 0.390625 0.5640625 0.4046875 0.05703125
3 0.3390625 0.3875 0.34375 0.04609375
3 0.2890625 0.46953125 0.22890625 0.04140625
3 0.51796875 0.315625 0.53203125 0.04921875
3 0.6484375 0.18984375 0.678125 0.08359375
3 0.44296875 0.07578125 0.609375 0.03828125
3 0.08046875 0.27734375 0.128125 0.03359375
3 0.08046875 0.3171875 0.14140625 0.034375
1 0.1734375 0.1765625 0.3 0.09453125