3 0.10390625 0.0796875 0.15546875 0.04609375
3 0.14375 0.15 0.24921875 0.04140625
3 0.18828125 0.21484375 0.35 0.03046875
3 0.23359375 0.27734375 0.39453125 0.03828125
3 0.26875 0.34375 0.51953125 0.04140625
3 0.11171875 0.41484375 0.171875 0.05078125
3 0.153125 0.47578125 0.271875 0.04375
3 0.12734375 0.54140625 0.24921875 0.034375
3 0.16953125 0.6078125 0.3 0.04921875
3 0.159375 0.66796875 0.29296875 0.0515625
3 0.203125 0.73515625 0.3265625 0.05703125
3 0.17421875 0.8265625 0.296875 0.053125
3 0.19296875 0.90078125 0.30625 0.0609375