1 0.06015625 0.0671875 0.09296875 0.04765625
3 0.3140625 0.06796875 0.371875 0.04375
3 0.50234375 0.14765625 0.834375 0.04921875
3 0.15546875 0.23515625 0.25 0.028125
3 0.15 0.33125 0.24296875 0.02734375
3 0.7203125 0.32578125 0.440625 0.03828125
3 0.1171875 0.42109375 0.16796875 0.03046875
3 0.32421875 0.425 0.22421875 0.03203125
3 0.36875 0.50078125 0.51171875 0.034375
3 0.5046875 0.89609375 0.1703125 0.03203125
0 0.078125 0.4984375 0.04296875 0.02265625
0 0.50078125 0.896875 0.34609375 0.05703125
0 0.73046875 0.32734375 0.46015625 0.04375