1 0.0765625 0.06640625 0.121875 0.0421875
1 0.89296875 0.07109375 0.2140625 0.0484375
1 0.046875 0.665625 0.08828125 0.05859375
1 0.0484375 0.7234375 0.090625 0.053125
3 0.28671875 0.06484375 0.325 0.04609375
3 0.2171875 0.140625 0.375 0.04609375
3 0.1703125 0.18984375 0.340625 0.04609375
3 0.39921875 0.2390625 0.69375 0.02890625
3 0.30546875 0.296875 0.6109375 0.04609375
3 0.14609375 0.38359375 0.23359375 0.02890625
3 0.05546875 0.33203125 0.1109375 0.0359375
3 0.1140625 0.4328125 0.21640625 0.02109375
3 0.2375 0.49765625 0.4234375 0.059375
3 0.153125 0.54765625 0.27421875 0.04375
3 0.1765625 0.609375 0.328125 0.03828125
3 0.26328125 0.6734375 0.39296875 0.04765625
3 0.3375 0.725 0.58203125 0.04921875
3 0.20703125 0.7890625 0.31484375 0.04375
0 0.12578125 0.884375 0.23359375 0.09296875
0 0.365625 0.88359375 0.21328125 0.09921875
0 0.6265625 0.88984375 0.19921875 0.10078125
0 0.8765625 0.8890625 0.24609375 0.1140625