0 0.38203125 0.14140625 0.7640625 0.0609375
0 0.39375 0.21171875 0.78359375 0.06796875
0 0.4046875 0.28203125 0.80546875 0.06875
0 0.3890625 0.34765625 0.778125 0.05859375
0 0.39296875 0.41015625 0.78515625 0.05859375
0 0.40859375 0.475 0.79453125 0.06640625
0 0.40546875 0.56328125 0.778125 0.0625
0 0.3984375 0.63125 0.7703125 0.06484375
0 0.390625 0.69296875 0.7703125 0.06171875
0 0.696875 0.06953125 0.11640625 0.03984375
0 0.8390625 0.07265625 0.09609375 0.053125
0 0.9484375 0.065625 0.06328125 0.04609375
0 0.0984375 0.078125 0.1296875 0.04609375
3 0.221875 0.14765625 0.1109375 0.03828125
3 0.2453125 0.21328125 0.16875 0.05234375
3 0.2390625 0.28515625 0.1703125 0.05390625
3 0.309375 0.34765625 0.33359375 0.04375
3 0.2359375 0.41328125 0.21328125 0.05078125
3 0.2484375 0.47265625 0.18125 0.04453125
3 0.2703125 0.5640625 0.20703125 0.046875
3 0.2515625 0.63203125 0.16328125 0.03515625
3 0.27109375 0.6921875 0.2796875 0.03671875
3 0.265625 0.07265625 0.21640625 0.0375
1 0.07578125 0.15078125 0.06640625 0.04296875
1 0.07890625 0.215625 0.08359375 0.05390625
1 0.090625 0.2875 0.14453125 0.05625
1 0.08046875 0.3484375 0.10546875 0.046875
1 0.0859375 0.41171875 0.14609375 0.03515625
1 0.08359375 0.47734375 0.0890625 0.05234375
1 0.08515625 0.56640625 0.10703125 0.04453125
1 0.07890625 0.62890625 0.0796875 0.0375
1 0.06875 0.69296875 0.078125 0.02890625