3 0.34453125 0.03984375 0.425 0.03984375
3 0.275 0.15234375 0.45390625 0.028125
3 0.25234375 0.32734375 0.134375 0.02578125
3 0.753125 0.334375 0.11015625 0.03046875
3 0.4890625 0.37578125 0.95390625 0.02734375
3 0.4203125 0.42890625 0.83515625 0.02734375
3 0.29140625 0.47890625 0.54921875 0.02734375
3 0.25703125 0.53125 0.5140625 0.03203125
3 0.38828125 0.5828125 0.7390625 0.0359375
3 0.49453125 0.63359375 0.96484375 0.03046875
3 0.478125 0.69765625 0.91953125 0.0515625
3 0.3859375 0.7609375 0.75703125 0.01953125
3 0.93828125 0.82265625 0.10546875 0.02734375
0 0.06640625 0.040625 0.06875 0.03515625
0 0.20234375 0.10859375 0.30859375 0.04453125
0 0.5046875 0.10546875 0.31484375 0.05078125
0 0.8234375 0.10546875 0.29453125 0.05546875
0 0.09140625 0.81875 0.1234375 0.07265625
1 0.9359375 0.0359375 0.0859375 0.04140625
1 0.2015625 0.81953125 0.0796875 0.02734375
2 0.7453125 0.23984375 0.31640625 0.1375
2 0.2625 0.2359375 0.33828125 0.1359375