2 0.4984375 0.5453125 0.725 0.6828125
3 0.44296875 0.13984375 0.6953125 0.06328125
3 0.34296875 0.2453125 0.22578125 0.02578125
3 0.5265625 0.32109375 0.47109375 0.06875
3 0.53125 0.41328125 0.48125 0.07578125
3 0.52890625 0.50390625 0.4859375 0.084375
3 0.50703125 0.58828125 0.4390625 0.06015625
3 0.53828125 0.678125 0.49453125 0.08671875
3 0.47109375 0.7703125 0.36015625 0.0515625
3 0.49453125 0.8375 0.403125 0.04765625
1 0.25078125 0.30703125 0.0859375 0.0546875
1 0.24609375 0.3953125 0.0890625 0.06015625
1 0.2515625 0.48828125 0.07890625 0.06015625
1 0.2515625 0.58515625 0.084375 0.065625
1 0.25390625 0.6609375 0.0890625 0.05859375
1 0.2515625 0.76640625 0.08828125 0.05859375
1 0.2515625 0.840625 0.09375 0.06171875