3 0.51953125 0.0765625 0.49453125 0.06953125
3 0.76796875 0.26953125 0.409375 0.19375
3 0.16953125 0.42265625 0.18671875 0.05625
3 0.50546875 0.42578125 0.21484375 0.05
3 0.83984375 0.42421875 0.1796875 0.046875
3 0.209375 0.67265625 0.3109375 0.05234375
2 0.49453125 0.06953125 0.9890625 0.06796875
2 0.26484375 0.26796875 0.5296875 0.2
2 0.1734375 0.52578125 0.228125 0.13359375
2 0.5 0.52890625 0.24453125 0.12578125
2 0.834375 0.53125 0.25703125 0.14375
0 0.0515625 0.0734375 0.103125 0.059375
0 0.63828125 0.67265625 0.428125 0.04921875
1 0.928125 0.675 0.14375 0.053125