2 0.13125 0.5015625 0.13046875 0.06640625
2 0.134375 0.6 0.12890625 0.05859375
2 0.13359375 0.69296875 0.13515625 0.07734375
2 0.13359375 0.79453125 0.12578125 0.075
3 0.3890625 0.0734375 0.425 0.03125
3 0.12421875 0.1890625 0.1140625 0.0328125
3 0.79140625 0.18984375 0.29375 0.03984375
3 0.49609375 0.28984375 0.8703125 0.14296875
3 0.40546875 0.496875 0.39296875 0.05703125
3 0.18125 0.4203125 0.228125 0.03203125
3 0.3625 0.596875 0.303125 0.05390625
3 0.34375 0.69375 0.27890625 0.0578125
3 0.35078125 0.7890625 0.3 0.059375
1 0.94453125 0.0703125 0.0734375 0.03203125
1 0.0734375 0.0734375 0.04453125 0.0265625
0 0.0765625 0.07109375 0.103125 0.03828125
0 0.9390625 0.071875 0.1046875 0.04140625