3 0.184375 0.22578125 0.24296875 0.04609375
3 0.16953125 0.28046875 0.253125 0.04375
3 0.14453125 0.37109375 0.16875 0.03203125
3 0.1828125 0.42578125 0.2453125 0.03828125
3 0.14453125 0.48046875 0.2296875 0.04140625
3 0.159375 0.53359375 0.2390625 0.04140625
3 0.11015625 0.58984375 0.1484375 0.04375
3 0.2 0.640625 0.28671875 0.053125
3 0.11796875 0.7375 0.1484375 0.04140625
3 0.14921875 0.79375 0.20546875 0.04765625
3 0.48671875 0.896875 0.19921875 0.0421875
3 0.26875 0.8890625 0.16171875 0.03828125
1 0.196875 0.1359375 0.36796875 0.13046875
1 0.10234375 0.89140625 0.096875 0.04921875