2 0.25625 0.16171875 0.50859375 0.109375
2 0.86796875 0.16484375 0.2640625 0.10703125
2 0.5015625 0.271875 0.50859375 0.11171875
2 0.87734375 0.38046875 0.2453125 0.1171875
2 0.6265625 0.49609375 0.25859375 0.109375
2 0.2515625 0.38671875 0.5 0.109375
2 0.121875 0.49609375 0.24375 0.109375
0 0.25078125 0.60390625 0.5015625 0.10234375
0 0.75625 0.6125 0.46796875 0.10546875
0 0.26171875 0.7171875 0.5046875 0.1046875
0 0.7609375 0.72265625 0.478125 0.10703125
0 0.15859375 0.7234375 0.1765625 0.04296875
0 0.46328125 0.83984375 0.89921875 0.08671875
0 0.14921875 0.9125 0.29453125 0.0296875
0 0.0484375 0.603125 0.06875 0.03203125
3 0.853125 0.20390625 0.21875 0.02890625
3 0.1015625 0.19765625 0.203125 0.03203125
3 0.34375 0.309375 0.19375 0.02734375
3 0.5140625 0.0734375 0.44453125 0.0296875
3 0.5640625 0.534375 0.10859375 0.0296875
3 0.8265625 0.41796875 0.125 0.02890625
3 0.06953125 0.42578125 0.12109375 0.03671875
3 0.07734375 0.53203125 0.1546875 0.034375
3 0.2640625 0.61015625 0.3390625 0.03671875
3 0.7515625 0.6109375 0.290625 0.0296875
3 0.7109375 0.71875 0.25 0.0296875
1 0.3625 0.91328125 0.13203125 0.02265625
1 0.93359375 0.91640625 0.040625 0.02109375
1 0.94375 0.07578125 0.08515625 0.06171875
1 0.07421875 0.07265625 0.071875 0.03671875
1 0.22578125 0.97265625 0.11796875 0.0546875
1 0.4953125 0.9734375 0.11640625 0.04296875
1 0.78203125 0.9703125 0.09296875 0.059375
1 0.05546875 0.7125 0.04453125 0.04140625
1 0.55234375 0.71640625 0.06015625 0.03828125
1 0.56640625 0.61015625 0.0640625 0.04140625