3 0.4859375 0.27578125 0.71796875 0.20546875
3 0.4796875 0.45625 0.70546875 0.1203125
3 0.50390625 0.609375 0.778125 0.15703125
3 0.30625 0.7671875 0.3265625 0.03671875
3 0.7015625 0.76953125 0.303125 0.03671875
3 0.53203125 0.0953125 0.76171875 0.04609375
0 0.69921875 0.76640625 0.3953125 0.05703125
0 0.30625 0.77109375 0.39921875 0.06171875
0 0.25078125 0.91328125 0.5015625 0.04140625
0 0.7375 0.9140625 0.4640625 0.04296875
2 0.1015625 0.09609375 0.11328125 0.06171875
2 0.2109375 0.871875 0.15390625 0.03203125
2 0.4171875 0.871875 0.12890625 0.03203125
2 0.61640625 0.87109375 0.140625 0.025
2 0.8125 0.87109375 0.19375 0.0296875
2 0.26171875 0.91796875 0.2859375 0.02734375
2 0.73984375 0.92421875 0.3390625 0.02734375
1 0.78203125 0.965625 0.09296875 0.04609375
1 0.5015625 0.9671875 0.09609375 0.04296875
1 0.2234375 0.96796875 0.0890625 0.0453125