3 0.26953125 0.1078125 0.18984375 0.04296875
3 0.31015625 0.17421875 0.20546875 0.05703125
3 0.25625 0.41328125 0.16953125 0.05234375
3 0.29609375 0.48046875 0.1859375 0.0546875
3 0.25546875 0.703125 0.1203125 0.0546875
3 0.28984375 0.78359375 0.1984375 0.05390625
2 0.51640625 0.18046875 0.89140625 0.303125
2 0.515625 0.48359375 0.88359375 0.29375
2 0.51796875 0.78203125 0.85546875 0.2984375
1 0.2171875 0.96328125 0.10078125 0.03203125
1 0.49375 0.96875 0.08046875 0.0390625
1 0.78203125 0.9703125 0.06875 0.0453125