3 0.45234375 0.13984375 0.43828125 0.0296875
3 0.37734375 0.16953125 0.28828125 0.03515625
3 0.88828125 0.15546875 0.0953125 0.021875
3 0.26484375 0.2578125 0.3 0.0359375
3 0.2890625 0.28359375 0.2609375 0.0234375
3 0.50390625 0.4328125 0.22890625 0.01953125
3 0.50390625 0.48671875 0.25625 0.03046875
3 0.50546875 0.53203125 0.65390625 0.03515625
3 0.21640625 0.59609375 0.125 0.028125
3 0.25234375 0.6703125 0.19375 0.02421875
3 0.3296875 0.746875 0.3515625 0.03046875
3 0.590625 0.82734375 0.56484375 0.0625
3 0.5 0.9125 0.71484375 0.05234375
0 0.20078125 0.821875 0.140625 0.05625
0 0.12890625 0.5671875 0.00390625 0.00234375
0 0.50078125 0.48671875 0.2765625 0.03515625
0 0.0359375 0.15625 0.05 0.0296875
0 0.91796875 0.26640625 0.0859375 0.05234375
0 0.88515625 0.15703125 0.14296875 0.04296875
0 0.14140625 0.1546875 0.16015625 0.0921875
1 0.14140625 0.15625 0.146875 0.08671875
1 0.06640625 0.28203125 0.08828125 0.08515625
1 0.925 0.2640625 0.08125 0.0359375