2 0.3953125 0.17578125 0.30703125 0.10078125
2 0.40234375 0.2828125 0.29375 0.0953125
2 0.3984375 0.3875 0.2859375 0.0875
2 0.40390625 0.48671875 0.32421875 0.08359375
2 0.38359375 0.58984375 0.29609375 0.10390625
2 0.39375 0.690625 0.28984375 0.0890625
2 0.40234375 0.79453125 0.2734375 0.06796875
0 0.13046875 0.17734375 0.128125 0.07421875
0 0.15078125 0.24765625 0.27578125 0.0625
0 0.13203125 0.3265625 0.18515625 0.06796875
0 0.12734375 0.4 0.203125 0.0625
0 0.1359375 0.465625 0.21953125 0.06484375
0 0.134375 0.53671875 0.1890625 0.07421875
0 0.1328125 0.6140625 0.17890625 0.06796875
0 0.1125 0.69453125 0.17890625 0.06328125
0 0.88203125 0.05703125 0.1890625 0.04609375
0 0.10078125 0.1015625 0.175 0.05546875
0 0.38671875 0.10234375 0.18125 0.0453125
0 0.61953125 0.10625 0.1609375 0.03828125
0 0.90390625 0.1046875 0.13828125 0.04921875
3 0.690625 0.1859375 0.33046875 0.10625
3 0.653125 0.29453125 0.25625 0.0875
3 0.66171875 0.38984375 0.26015625 0.09453125
3 0.71171875 0.4921875 0.36640625 0.10234375
3 0.72578125 0.59140625 0.38828125 0.0875
3 0.721875 0.6890625 0.35390625 0.08203125
3 0.678125 0.78203125 0.2734375 0.0703125
1 0.071875 0.05234375 0.14375 0.0421875
1 0.13125 0.875 0.175 0.0890625