2 0.09453125 0.73125 0.0890625 0.05078125
2 0.090625 0.8015625 0.096875 0.04609375
2 0.9234375 0.2515625 0.0609375 0.04765625
3 0.17890625 0.6578125 0.27421875 0.03671875
3 0.2515625 0.7375 0.1609375 0.04140625
3 0.27578125 0.81171875 0.21796875 0.03828125
3 0.24296875 0.075 0.16953125 0.03203125
3 0.19140625 0.15703125 0.30625 0.0640625
3 0.20078125 0.24921875 0.31875 0.06640625
3 0.225 0.34140625 0.359375 0.07734375
3 0.41328125 0.3765625 0.00703125 0.00234375
1 0.0640625 0.07578125 0.07578125 0.04375
1 0.22734375 0.96796875 0.096875 0.03671875
1 0.49765625 0.96796875 0.096875 0.0453125
1 0.784375 0.96640625 0.09609375 0.05234375