2 0.390625 0.13828125 0.78046875 0.21875
1 0.065625 0.2984375 0.065625 0.0421875
1 0.06796875 0.36171875 0.06640625 0.04375
1 0.06953125 0.41953125 0.06171875 0.04453125
1 0.06875 0.4828125 0.05 0.04140625
1 0.07578125 0.55703125 0.05078125 0.0453125
1 0.06875 0.6203125 0.0734375 0.05390625
1 0.071875 0.6875 0.06640625 0.04609375
1 0.06796875 0.75625 0.06640625 0.0578125
1 0.06875 0.81953125 0.059375 0.040625
1 0.071875 0.88671875 0.084375 0.04375
3 0.21328125 0.290625 0.12109375 0.03046875
3 0.26640625 0.3625 0.21171875 0.0421875
3 0.25234375 0.421875 0.19921875 0.03515625
3 0.28125 0.4921875 0.2140625 0.02578125
3 0.28359375 0.55703125 0.21875 0.0296875
3 0.284375 0.62265625 0.2484375 0.0375
3 0.278125 0.6921875 0.20703125 0.02578125
3 0.30546875 0.75078125 0.26171875 0.03203125
3 0.3140625 0.821875 0.29921875 0.02734375
3 0.28046875 0.88671875 0.21171875 0.028125