0 0.54765625 0.76640625 0.69375 0.065625
0 0.51328125 0.8578125 0.603125 0.06015625
0 0.26171875 0.6078125 0.46796875 0.059375
0 0.29296875 0.5265625 0.4515625 0.08203125
0 0.246875 0.43359375 0.37890625 0.06015625
0 0.21328125 0.3578125 0.33046875 0.06015625
0 0.22421875 0.265625 0.32421875 0.06171875
0 0.23984375 0.18125 0.328125 0.08515625
1 0.1234375 0.76015625 0.19609375 0.09375
1 0.13046875 0.85234375 0.14609375 0.08203125
1 0.11640625 0.93203125 0.11484375 0.04921875
3 0.16953125 0.1140625 0.21171875 0.03828125
3 0.21484375 0.06640625 0.24609375 0.015625
3 0.25390625 0.678125 0.4203125 0.0515625