0 0.23671875 0.0734375 0.44921875 0.06015625
0 0.93671875 0.0703125 0.1203125 0.04609375
0 0.87109375 0.153125 0.09375 0.05078125
0 0.646875 0.153125 0.1390625 0.05234375
0 0.359375 0.1515625 0.0890625 0.04375
0 0.13671875 0.14765625 0.10546875 0.0359375
0 0.06171875 0.28828125 0.1234375 0.04765625
0 0.315625 0.2921875 0.27890625 0.05
0 0.55390625 0.28984375 0.1203125 0.04453125
0 0.60859375 0.41015625 0.471875 0.04375
0 0.6265625 0.46328125 0.18515625 0.04296875
0 0.45625 0.52421875 0.3015625 0.03359375
0 0.42109375 0.4671875 0.27578125 0.03046875
0 0.21640625 0.41171875 0.37421875 0.03984375
0 0.165625 0.46640625 0.26328125 0.04140625
0 0.178125 0.51484375 0.26015625 0.04296875
3 0.31171875 0.37578125 0.609375 0.02734375
3 0.49609375 0.21484375 0.41328125 0.03984375
3 0.53125 0.646875 0.7234375 0.109375
3 0.471875 0.76484375 0.5953125 0.07734375
3 0.4703125 0.85546875 0.5890625 0.034375
1 0.09296875 0.625 0.15703125 0.109375
1 0.09296875 0.76171875 0.1484375 0.1
1 0.09453125 0.8546875 0.13046875 0.03828125