0 0.1671875 0.5140625 0.30625 0.0765625
0 0.44609375 0.5109375 0.24296875 0.07265625
0 0.7421875 0.52109375 0.21796875 0.06171875
0 0.81015625 0.6015625 0.28125 0.08203125
0 0.496875 0.60390625 0.23515625 0.05625
0 0.18046875 0.59453125 0.2265625 0.06796875
0 0.16484375 0.69375 0.23359375 0.1203125
0 0.4984375 0.6890625 0.225 0.0703125
0 0.784375 0.68828125 0.22421875 0.07265625
0 0.77734375 0.7609375 0.29140625 0.06640625
0 0.4609375 0.7703125 0.271875 0.09140625
0 0.87734375 0.3375 0.13828125 0.06953125
0 0.51171875 0.4171875 0.83125 0.08828125
3 0.58828125 0.27890625 0.471875 0.07109375
2 0.28671875 0.2640625 0.15859375 0.07109375