2 0.5 0.46875 1 0.84296875
2 0.49609375 0.4453125 0.4640625 0.29921875
3 0.49609375 0.1 0.303125 0.0546875
3 0.50546875 0.21640625 0.7015625 0.05390625
3 0.49921875 0.67265625 0.64921875 0.06171875
3 0.50546875 0.8265625 0.43515625 0.03203125
3 0.50625 0.52734375 0.55625 0.13046875
1 0.8 0.828125 0.0890625 0.04296875
1 0.19453125 0.82890625 0.08046875 0.05078125
1 0.23125 0.96640625 0.09609375 0.04765625
1 0.49921875 0.96640625 0.06015625 0.05234375
1 0.78046875 0.96796875 0.08828125 0.0453125
0 0.49921875 0.8234375 0.52890625 0.05703125