3 0.17421875 0.0375 0.3203125 0.03671875
3 0.26640625 0.09765625 0.53046875 0.03515625
3 0.46171875 0.15078125 0.921875 0.05703125
3 0.39921875 0.20078125 0.7984375 0.0546875
3 0.4828125 0.2796875 0.965625 0.0984375
3 0.465625 0.35234375 0.9296875 0.03984375
3 0.49296875 0.41875 0.9859375 0.08046875
3 0.390625 0.4828125 0.7796875 0.04765625
3 0.33203125 0.5203125 0.6640625 0.03046875
3 0.4890625 0.59375 0.978125 0.08828125
3 0.21875 0.66328125 0.4375 0.0359375
3 0.4890625 0.7109375 0.9765625 0.0421875
3 0.48046875 0.7546875 0.9546875 0.03359375
3 0.29609375 0.796875 0.58671875 0.03515625
3 0.3171875 0.8328125 0.63203125 0.03671875
0 0.5015625 0.89453125 0.38515625 0.0578125