0 0.21953125 0.07734375 0.35546875 0.04453125
0 0.6859375 0.0765625 0.103125 0.04140625
0 0.828125 0.0765625 0.0984375 0.03359375
0 0.94921875 0.075 0.0546875 0.034375
0 0.66640625 0.15390625 0.21015625 0.04140625
0 0.92890625 0.14609375 0.09140625 0.05390625
0 0.2328125 0.15234375 0.2234375 0.05
1 0.6015625 0.33828125 0.26796875 0.13984375
1 0.36796875 0.3375 0.19609375 0.14453125
1 0.14453125 0.328125 0.17109375 0.125
1 0.41328125 0.56953125 0.32421875 0.03359375
1 0.41171875 0.7296875 0.31640625 0.0359375
1 0.3984375 0.89140625 0.26171875 0.03828125
2 0.11796875 0.50859375 0.21171875 0.14375
2 0.134375 0.68125 0.2234375 0.10703125
2 0.1234375 0.8375 0.24609375 0.17421875
3 0.5125 0.4703125 0.5140625 0.01015625
3 0.39921875 0.52578125 0.28203125 0.05078125
3 0.6125 0.66171875 0.6734375 0.1078125
3 0.60546875 0.81796875 0.68046875 0.10390625