3 0.40546875 0.17265625 0.79609375 0.10546875
3 0.3171875 0.0734375 0.37890625 0.05390625
3 0.11484375 0.26796875 0.1609375 0.03359375
3 0.13203125 0.3046875 0.24453125 0.03359375
3 0.13125 0.39140625 0.175 0.13125
3 0.19140625 0.609375 0.24921875 0.03515625
3 0.12890625 0.64375 0.12421875 0.03359375
3 0.28125 0.69765625 0.41953125 0.034375
3 0.128125 0.73046875 0.15 0.03046875
3 0.28046875 0.78671875 0.44609375 0.0359375
3 0.11875 0.8203125 0.13125 0.02734375
3 0.24921875 0.88359375 0.46484375 0.028125
3 0.12578125 0.92109375 0.19921875 0.02890625
0 0.05390625 0.0765625 0.1015625 0.06953125
0 0.92109375 0.16796875 0.14453125 0.06640625
0 0.46328125 0.640625 0.11796875 0.03671875
0 0.57109375 0.72734375 0.1015625 0.0296875
0 0.24921875 0.81953125 0.12421875 0.028125