0 0.5015625 0.509375 0.93671875 0.05546875
0 0.49921875 0.80625 0.92890625 0.109375
0 0.253125 0.89765625 0.26015625 0.0484375
0 0.7484375 0.9015625 0.20859375 0.05390625
2 0.51171875 0.1671875 0.44453125 0.16171875
3 0.146875 0.40625 0.23125 0.09609375
3 0.5453125 0.57109375 0.43359375 0.05390625
3 0.49765625 0.5078125 0.17109375 0.03359375
3 0.32421875 0.80546875 0.38671875 0.08515625
3 0.24921875 0.89609375 0.18671875 0.02109375
3 0.75625 0.90390625 0.1546875 0.03984375
1 0.096875 0.8046875 0.08359375 0.08359375
1 0.93671875 0.40859375 0.06796875 0.1125