1 0.06328125 0.06796875 0.096875 0.053125
1 0.93203125 0.06328125 0.10859375 0.040625
1 0.92265625 0.134375 0.10625 0.0421875
1 0.06171875 0.13828125 0.0765625 0.04453125
1 0.6453125 0.30390625 0.05390625 0.021875
0 0.92578125 0.06328125 0.1265625 0.05546875
0 0.059375 0.06484375 0.11875 0.06328125
0 0.92421875 0.1390625 0.13671875 0.05859375
0 0.50390625 0.13828125 0.98671875 0.06328125
0 0.5140625 0.3046875 0.3796875 0.03359375
0 0.50078125 0.865625 0.74609375 0.090625
3 0.20546875 0.06640625 0.18046875 0.03359375
3 0.3546875 0.13828125 0.51875 0.03828125
3 0.5078125 0.27890625 0.74375 0.08203125
3 0.503125 0.8640625 0.459375 0.04921875
2 0.5 0.55390625 1 0.76015625