0 0.06171875 0.06875 0.1234375 0.05078125
3 0.51171875 0.0640625 0.36484375 0.0625
3 0.25625 0.15546875 0.30625 0.0890625
3 0.71640625 0.121875 0.190625 0.0390625
3 0.6265625 0.190625 0.23359375 0.04375
3 0.8109375 0.203125 0.11015625 0.0625
3 0.93125 0.18515625 0.11328125 0.02890625
3 0.628125 0.32890625 0.23125 0.0375
3 0.81953125 0.33984375 0.12109375 0.0515625
3 0.93984375 0.3265625 0.1015625 0.03046875
2 0.25078125 0.27578125 0.49921875 0.353125
2 0.7484375 0.13046875 0.503125 0.06484375
2 0.628125 0.259375 0.23359375 0.09140625
2 0.87109375 0.2375 0.2390625 0.13671875
2 0.628125 0.39609375 0.234375 0.09765625
2 0.87109375 0.37734375 0.240625 0.13359375