2 0.49609375 0.3890625 0.69453125 0.7328125
3 0.2515625 0.69375 0.08125 0.0265625
3 0.3828125 0.69921875 0.12890625 0.021875
3 0.50859375 0.696875 0.109375 0.02109375
3 0.63125 0.69921875 0.12421875 0.03046875
3 0.7484375 0.69765625 0.10078125 0.021875
3 0.465625 0.81953125 0.8 0.03828125
3 0.49765625 0.878125 0.15625 0.03984375
3 0.76796875 0.08046875 0.0796875 0.01953125
0 0.4609375 0.778125 0.040625 0.02265625
0 0.4984375 0.77734375 0.03046875 0.01953125
0 0.5390625 0.778125 0.0265625 0.01796875
0 0.49453125 0.87890625 0.88359375 0.07734375
1 0.25234375 0.6578125 0.0734375 0.03828125
1 0.36875 0.659375 0.096875 0.0421875
1 0.50078125 0.66015625 0.078125 0.04375
1 0.62578125 0.6625 0.0765625 0.04296875
1 0.73984375 0.6578125 0.09609375 0.03671875
1 0.665625 0.08203125 0.0390625 0.015625
1 0.70546875 0.08203125 0.03671875 0.02421875