1 0.11953125 0.08828125 0.17109375 0.08203125
1 0.06875 0.2578125 0.13671875 0.06328125
1 0.05859375 0.3203125 0.10625 0.05078125
1 0.059375 0.38984375 0.11875 0.05234375
1 0.071875 0.4515625 0.14375 0.05625
1 0.06328125 0.515625 0.115625 0.040625
1 0.07578125 0.57890625 0.090625 0.04453125
1 0.07578125 0.6421875 0.090625 0.05390625
1 0.06171875 0.703125 0.11328125 0.06015625
1 0.07109375 0.77109375 0.11875 0.06640625
3 0.33046875 0.1765625 0.61875 0.06796875
0 0.3859375 0.26171875 0.765625 0.05625
0 0.3859375 0.32890625 0.77109375 0.06640625
0 0.39296875 0.39921875 0.76171875 0.05078125
0 0.38359375 0.46484375 0.75546875 0.05078125
0 0.41328125 0.5265625 0.796875 0.04765625
0 0.39921875 0.5828125 0.76171875 0.06015625
0 0.40546875 0.65 0.75546875 0.07421875
0 0.40546875 0.71640625 0.75546875 0.06640625
0 0.39921875 0.7828125 0.76875 0.071875