0 0.503125 0.9 0.759375 0.05859375
0 0.75859375 0.07109375 0.47578125 0.05546875
0 0.7578125 0.1359375 0.484375 0.05859375
0 0.75390625 0.20390625 0.49140625 0.0609375
0 0.75859375 0.26953125 0.48203125 0.05234375
0 0.75625 0.334375 0.47109375 0.05234375
0 0.50546875 0.815625 0.38828125 0.0703125
0 0.01875 0.925 0.03671875 0.0203125
0 0.0578125 0.925 0.03828125 0.01953125
2 0.5015625 0.9015625 0.7796875 0.06875
3 0.6265625 0.07109375 0.1765625 0.03828125
3 0.6171875 0.1390625 0.16796875 0.03828125
3 0.19453125 0.075 0.33828125 0.04609375
3 0.24296875 0.15625 0.43984375 0.04296875
3 0.2734375 0.253125 0.47890625 0.13671875
3 0.60859375 0.20546875 0.140625 0.03515625
3 0.6265625 0.26875 0.1953125 0.03671875
3 0.61328125 0.33359375 0.14453125 0.03203125
3 0.50390625 0.8140625 0.35390625 0.04453125