3 0.14921875 0.07578125 0.271875 0.05078125
3 0.403125 0.20078125 0.78359375 0.1625
3 0.23828125 0.33515625 0.43125 0.05
3 0.24296875 0.63046875 0.46328125 0.04296875
3 0.25 0.70234375 0.47421875 0.040625
3 0.21796875 0.77734375 0.40546875 0.05703125
3 0.27890625 0.85 0.5390625 0.04375
3 0.38203125 0.90703125 0.1609375 0.04140625
0 0.86953125 0.52890625 0.2609375 0.08671875
0 0.5 0.62890625 0.99609375 0.06484375
0 0.50234375 0.7 0.9953125 0.065625
0 0.50078125 0.77734375 0.9984375 0.075
0 0.50234375 0.85 0.9953125 0.0625
0 0.9390625 0.90859375 0.10390625 0.04453125
0 0.5953125 0.90859375 0.228125 0.04453125
2 0.49921875 0.3125 0.9984375 0.56484375