2 0.5 0.365625 1 0.40390625
2 0.596875 0.884375 0.10078125 0.04296875
2 0.7921875 0.8796875 0.05625 0.04296875
2 0.2171875 0.88515625 0.0765625 0.04765625
2 0.41484375 0.88125 0.109375 0.05
2 0.078125 0.6546875 0.0484375 0.025
3 0.515625 0.68203125 0.96484375 0.20703125
3 0.084375 0.13984375 0.09296875 0.0203125
3 0.2875 0.1421875 0.19375 0.025
3 0.88046875 0.07109375 0.11328125 0.03828125
3 0.4953125 0.0953125 0.31875 0.04140625
3 0.196875 0.91640625 0.15703125 0.0296875
3 0.41328125 0.91328125 0.209375 0.02734375
3 0.584375 0.9140625 0.140625 0.02578125
3 0.784375 0.9140625 0.1296875 0.0296875
0 0.09375 0.13984375 0.16953125 0.0390625
0 0.26953125 0.1421875 0.221875 0.03828125
1 0.12421875 0.0703125 0.09375 0.040625
1 0.7390625 0.075 0.08046875 0.05
1 0.21796875 0.97265625 0.09296875 0.05
1 0.4890625 0.96875 0.08046875 0.04296875
1 0.77578125 0.96484375 0.11328125 0.03828125