3 0.5234375 0.0609375 0.346875 0.05546875
3 0.459375 0.12578125 0.26796875 0.04921875
3 0.5234375 0.1703125 0.68203125 0.03203125
3 0.5015625 0.53046875 0.85703125 0.62890625
3 0.2546875 0.8953125 0.2109375 0.03359375
3 0.7390625 0.8921875 0.146875 0.05390625
1 0.640625 0.1265625 0.08125 0.0484375
1 0.2296875 0.9625 0.08515625 0.04609375
1 0.51875 0.9640625 0.0984375 0.06171875
1 0.78671875 0.96953125 0.07578125 0.04765625
0 0.27109375 0.88828125 0.471875 0.065625
0 0.7390625 0.890625 0.4546875 0.05859375
0 0.24296875 0.971875 0.15546875 0.04921875
0 0.5234375 0.9671875 0.15390625 0.065625
0 0.79453125 0.9671875 0.20546875 0.065625