0 0.08125 0.19296875 0.115625 0.04921875
0 0.2203125 0.19296875 0.13125 0.05234375
0 0.36171875 0.19375 0.1203125 0.05390625
0 0.5015625 0.19140625 0.11875 0.05
0 0.64375 0.19296875 0.11484375 0.04921875
0 0.784375 0.19375 0.1203125 0.05078125
0 0.91953125 0.1921875 0.115625 0.05078125
0 0.08359375 0.25703125 0.1109375 0.05234375
0 0.221875 0.25625 0.1109375 0.04609375
0 0.36328125 0.25546875 0.11796875 0.04453125
0 0.4984375 0.25703125 0.125 0.046875
0 0.6390625 0.2546875 0.115625 0.04296875
0 0.778125 0.25390625 0.0953125 0.04609375
0 0.9203125 0.25703125 0.1203125 0.05
0 0.08125 0.31953125 0.115625 0.04609375
0 0.21953125 0.31875 0.1015625 0.04296875
0 0.36328125 0.31796875 0.11796875 0.04765625
0 0.50078125 0.31875 0.115625 0.04609375
0 0.64609375 0.31796875 0.11953125 0.04921875
0 0.78046875 0.3171875 0.109375 0.04609375
0 0.9203125 0.31796875 0.1109375 0.04765625
0 0.06328125 0.06875 0.0984375 0.0484375
0 0.175 0.06640625 0.090625 0.040625
0 0.89375 0.90234375 0.14921875 0.03203125
0 0.02109375 0.91640625 0.04140625 0.04609375
3 0.2875 0.1359375 0.49140625 0.04609375
3 0.378125 0.903125 0.51015625 0.05390625
3 0.60078125 0.06953125 0.7546875 0.03984375
2 0.0734375 0.90234375 0.0859375 0.05