0 0.90625 0.16640625 0.18671875 0.10390625
0 0.91875 0.27578125 0.16171875 0.0875
0 0.05390625 0.28671875 0.053125 0.05546875
0 0.14609375 0.28671875 0.078125 0.05
0 0.09296875 0.2171875 0.14453125 0.0578125
0 0.103125 0.15 0.15546875 0.05390625
0 0.271875 0.0859375 0.475 0.06171875
0 0.64140625 0.0796875 0.21015625 0.05234375
0 0.809375 0.07734375 0.07578125 0.04296875
0 0.940625 0.0828125 0.10078125 0.03515625
1 0.290625 0.23359375 0.19140625 0.2234375
1 0.30546875 0.4984375 0.075 0.06171875
3 0.5546875 0.48984375 0.41484375 0.04453125