3 0.396875 0.11953125 0.55625 0.03828125
3 0.2234375 0.20234375 0.3796875 0.0546875
3 0.22109375 0.296875 0.13359375 0.0296875
3 0.2515625 0.38046875 0.1609375 0.03671875
3 0.24921875 0.44765625 0.18984375 0.034375
3 0.27578125 0.51484375 0.234375 0.02734375
3 0.2234375 0.57734375 0.1453125 0.0296875
3 0.228125 0.6671875 0.11328125 0.02734375
3 0.70390625 0.28984375 0.0484375 0.02109375
3 0.71953125 0.37890625 0.040625 0.025
3 0.709375 0.44296875 0.053125 0.02109375
1 0.06796875 0.29140625 0.06875 0.0546875
1 0.08046875 0.38125 0.10078125 0.05703125
1 0.06953125 0.44609375 0.0640625 0.0546875
1 0.06796875 0.50859375 0.09375 0.04375
1 0.06640625 0.57578125 0.096875 0.06328125
1 0.06953125 0.66328125 0.096875 0.06171875
1 0.221875 0.96796875 0.10078125 0.03671875
1 0.51171875 0.96640625 0.09296875 0.04765625
1 0.79453125 0.9703125 0.109375 0.03671875
1 0.90078125 0.86640625 0.13671875 0.07578125
1 0.903125 0.79453125 0.06875 0.03671875
1 0.90703125 0.58046875 0.084375 0.04140625
1 0.93359375 0.365625 0.10546875 0.0296875
1 0.94140625 0.0671875 0.05625 0.03359375
1 0.696875 0.2890625 0.08515625 0.03671875
1 0.70703125 0.37578125 0.06484375 0.05078125
1 0.70703125 0.44296875 0.0890625 0.034375