2 0.5 0.2546875 1 0.31015625
2 0.71953125 0.7296875 0.459375 0.1390625
2 0.72578125 0.59765625 0.0046875 0.00703125
3 0.453125 0.06796875 0.66171875 0.03203125
3 0.22734375 0.22890625 0.403125 0.18046875
3 0.15859375 0.346875 0.265625 0.04296875
3 0.24765625 0.57734375 0.4953125 0.3484375
3 0.65703125 0.58515625 0.29453125 0.05859375
3 0.7359375 0.48046875 0.46796875 0.14140625
3 0.709375 0.63984375 0.4640625 0.05078125
0 0.16640625 0.35078125 0.33203125 0.06875
0 0.94765625 0.0671875 0.0765625 0.04765625
0 0.653125 0.575 0.3265625 0.06171875
1 0.06796875 0.06953125 0.10078125 0.04765625
1 0.81875 0.0671875 0.109375 0.04296875
1 0.22890625 0.96640625 0.084375 0.05234375
1 0.49765625 0.965625 0.0734375 0.05
1 0.7859375 0.96875 0.09296875 0.04296875