3 0.49296875 0.296875 0.30703125 0.03984375
3 0.18828125 0.3453125 0.11796875 0.0265625
3 0.3390625 0.3796875 0.41015625 0.028125
3 0.24765625 0.4390625 0.225 0.03828125
3 0.20078125 0.5046875 0.12109375 0.03515625
3 0.221875 0.56953125 0.159375 0.03359375
3 0.21484375 0.63515625 0.14453125 0.03359375
3 0.25390625 0.7015625 0.2234375 0.03125
3 0.20859375 0.76875 0.14375 0.0328125
3 0.20234375 0.834375 0.12109375 0.02734375
3 0.815625 0.62578125 0.1859375 0.09140625
3 0.12734375 0.64609375 0.053125 0.04296875
1 0.81171875 0.43046875 0.05703125 0.03046875
0 0.81015625 0.43203125 0.0796875 0.03984375
0 0.81171875 0.52578125 0.12109375 0.07109375
2 0.5 0.48359375 1 0.9046875