3 0.1609375 0.71796875 0.1265625 0.01953125
3 0.38359375 0.71875 0.14375 0.0203125
3 0.61796875 0.71640625 0.09296875 0.021875
3 0.85 0.728125 0.221875 0.0421875
3 0.61953125 0.88515625 0.153125 0.02734375
3 0.38671875 0.88359375 0.15 0.028125
3 0.15390625 0.88359375 0.190625 0.02578125
3 0.1890625 0.575 0.31484375 0.028125
3 0.25859375 0.12109375 0.50390625 0.03359375
3 0.275 0.06796875 0.2703125 0.02421875
3 0.82890625 0.40625 0.3390625 0.0203125
3 0.40078125 0.40859375 0.13125 0.01875
3 0.0890625 0.4078125 0.178125 0.028125
3 0.07109375 0.42890625 0.1421875 0.0140625
3 0.3734375 0.515625 0.19921875 0.02734375
3 0.884375 0.515625 0.23125 0.02734375
3 0.059375 0.46796875 0.11875 0.0328125
3 0.14375 0.1625 0.2390625 0.02109375
3 0.4390625 0.43046875 0.16796875 0.02109375
3 0.83125 0.43125 0.325 0.021875
1 0.15546875 0.65703125 0.10625 0.0609375
1 0.37265625 0.653125 0.13828125 0.05859375
1 0.61796875 0.65625 0.12421875 0.0703125
1 0.83984375 0.653125 0.1703125 0.07421875
1 0.1546875 0.82265625 0.14296875 0.0703125
1 0.37734375 0.8234375 0.13828125 0.06953125
1 0.62109375 0.8203125 0.140625 0.07265625
1 0.9328125 0.065625 0.065625 0.0421875
1 0.79453125 0.06328125 0.09296875 0.0375
1 0.66171875 0.06484375 0.08125 0.04140625
1 0.03125 0.06484375 0.05 0.03359375
1 0.09296875 0.0640625 0.06875 0.04140625
1 0.8328125 0.46875 0.075 0.04140625
1 0.93671875 0.4703125 0.06796875 0.03515625
0 0.61640625 0.82109375 0.15390625 0.08046875
0 0.375 0.82421875 0.1484375 0.078125
0 0.15390625 0.821875 0.159375 0.07890625
0 0.83671875 0.6515625 0.1859375 0.08046875
0 0.61875 0.65546875 0.140625 0.07890625
0 0.37265625 0.65546875 0.146875 0.06796875
0 0.15390625 0.65546875 0.121875 0.0625
0 0.8296875 0.471875 0.090625 0.04296875
0 0.93046875 0.46953125 0.0890625 0.0421875
0 0.08828125 0.0703125 0.078125 0.0359375
0 0.05078125 0.0421875 0.00625 0.0046875
0 0.03125 0.06328125 0.0546875 0.03984375
0 0.66171875 0.065625 0.1 0.046875
0 0.79296875 0.065625 0.1109375 0.0421875
0 0.93203125 0.0640625 0.0734375 0.0421875
2 0.49765625 0.2640625 0.9953125 0.24921875