3 0.25703125 0.075 0.22578125 0.04453125
3 0.134375 0.146875 0.18828125 0.03203125
3 0.28828125 0.21484375 0.23203125 0.04609375
3 0.3484375 0.28125 0.3453125 0.04453125
3 0.2984375 0.3421875 0.2390625 0.0390625
3 0.24453125 0.4078125 0.14453125 0.04296875
3 0.2921875 0.47734375 0.23203125 0.05078125
3 0.89296875 0.475 0.171875 0.03203125
3 0.21796875 0.56640625 0.34140625 0.03515625
3 0.17890625 0.62890625 0.25078125 0.03515625
3 0.27109375 0.690625 0.44296875 0.03828125
3 0.253125 0.75859375 0.4109375 0.0296875
3 0.5140625 0.84609375 0.21953125 0.0390625
3 0.50625 0.92734375 0.1796875 0.01796875
1 0.08359375 0.21015625 0.090625 0.05625
1 0.08515625 0.2671875 0.08125 0.0515625
1 0.08046875 0.33828125 0.084375 0.040625
1 0.08671875 0.40625 0.084375 0.0421875
1 0.0859375 0.47578125 0.090625 0.040625
0 0.0765625 0.07109375 0.08515625 0.04765625
0 0.94453125 0.07421875 0.07578125 0.053125
0 0.50078125 0.84296875 0.93828125 0.06875
0 0.5015625 0.91640625 0.93515625 0.03828125