3 0.4734375 0.23984375 0.64453125 0.1125
3 0.2265625 0.3375 0.35078125 0.04453125
3 0.18046875 0.403125 0.171875 0.0390625
3 0.203125 0.48125 0.2265625 0.0375
3 0.384375 0.53125 0.5015625 0.040625
3 0.521875 0.6265625 0.18828125 0.03828125
3 0.50078125 0.68515625 0.34296875 0.03046875
3 0.290625 0.75078125 0.2265625 0.03359375
3 0.2703125 0.81796875 0.33125 0.03671875
3 0.715625 0.8203125 0.24609375 0.03203125
3 0.70859375 0.75234375 0.1296875 0.02578125
0 0.4984375 0.859375 0.078125 0.02578125
0 0.2609375 0.81953125 0.38828125 0.053125
0 0.7171875 0.81796875 0.29140625 0.0390625
0 0.7265625 0.7546875 0.43828125 0.07109375
0 0.284375 0.75625 0.41875 0.06171875
0 0.5015625 0.68984375 0.853125 0.04609375
0 0.4984375 0.62109375 0.8703125 0.0734375
0 0.0984375 0.53515625 0.05625 0.04453125
1 0.8109375 0.43671875 0.23359375 0.13828125
1 0.0953125 0.53359375 0.071875 0.05546875