2 0.503125 0.45625 0.96015625 0.37734375
2 0.11796875 0.79453125 0.19921875 0.159375
2 0.32421875 0.79609375 0.20390625 0.16015625
2 0.5375 0.79296875 0.196875 0.159375
2 0.74375 0.79375 0.19921875 0.15859375
2 0.9296875 0.79375 0.140625 0.16796875
3 0.0796875 0.22109375 0.121875 0.02890625
3 0.36328125 0.2515625 0.69296875 0.025
3 0.1578125 0.12109375 0.16796875 0.01796875
3 0.415625 0.12109375 0.18046875 0.01796875
3 0.69296875 0.12109375 0.20390625 0.0203125
3 0.92890625 0.1203125 0.115625 0.01953125
3 0.29140625 0.68046875 0.39609375 0.02265625
3 0.10234375 0.8984375 0.1453125 0.03671875
3 0.2953125 0.88828125 0.13671875 0.021875
3 0.52890625 0.8890625 0.171875 0.0265625
3 0.72734375 0.88828125 0.15625 0.02421875
3 0.90390625 0.88984375 0.08125 0.0171875
3 0.196875 0.19296875 0.1484375 0.02109375
3 0.29296875 0.16953125 0.35625 0.02265625
3 0.946875 0.08515625 0.06953125 0.01796875
1 0.06875 0.7375 0.09140625 0.05546875
1 0.2734375 0.73828125 0.09921875 0.05859375
1 0.48828125 0.7390625 0.10390625 0.0578125
1 0.690625 0.7375 0.09609375 0.0578125
1 0.9015625 0.7375 0.09453125 0.05546875
1 0.059375 0.678125 0.0390625 0.01953125
1 0.0640625 0.17890625 0.08125 0.04453125
1 0.42890625 0.16796875 0.05859375 0.03515625
1 0.2921875 0.11875 0.0453125 0.025
1 0.03671875 0.11796875 0.05390625 0.02421875
1 0.5578125 0.12109375 0.06171875 0.02734375
1 0.846875 0.11875 0.05703125 0.025
1 0.94609375 0.06171875 0.07109375 0.03203125
1 0.0609375 0.06484375 0.06875 0.04609375
1 0.92890625 0.67890625 0.05390625 0.021875
0 0.434375 0.6765625 0.85390625 0.04453125
0 0.12890625 0.1171875 0.25078125 0.02734375
0 0.38515625 0.11953125 0.25703125 0.02890625
0 0.659375 0.11875 0.28359375 0.03515625
0 0.896875 0.115625 0.17578125 0.03359375
0 0.9484375 0.06953125 0.103125 0.059375
0 0.0609375 0.065625 0.08828125 0.059375
0 0.92890625 0.6765625 0.0796875 0.0328125