1 0.08359375 0.8796875 0.03203125 0.02734375
1 0.92578125 0.87734375 0.034375 0.025
0 0.09453125 0.8765625 0.1890625 0.103125
0 0.91796875 0.8765625 0.1640625 0.096875
2 0.50078125 0.5171875 0.9984375 0.49921875
2 0.4453125 0.690625 0.06640625 0.0375
2 0.7453125 0.59375 0.35703125 0.2140625
2 0.7265625 0.3671875 0.259375 0.08359375
3 0.35859375 0.36328125 0.403125 0.17734375
3 0.36953125 0.475 0.33203125 0.0265625
3 0.21171875 0.51796875 0.1609375 0.05078125
3 0.215625 0.571875 0.16171875 0.0484375
3 0.1828125 0.61171875 0.096875 0.0265625
3 0.2859375 0.6484375 0.30390625 0.0375
3 0.45234375 0.565625 0.18828125 0.04296875
3 0.4609375 0.5140625 0.20625 0.04765625
3 0.0859375 0.72421875 0.02578125 0.02109375
3 0.2828125 0.69140625 0.23203125 0.0375