3 0.509375 0.0796875 0.29609375 0.0328125
3 0.5015625 0.165625 0.3015625 0.0203125
3 0.4796875 0.28359375 0.85390625 0.2078125
3 0.49765625 0.65703125 0.515625 0.03515625
3 0.50625 0.7078125 0.37109375 0.0265625
3 0.49765625 0.75 0.2640625 0.02734375
3 0.49765625 0.796875 0.20859375 0.02890625
0 0.1109375 0.409375 0.12890625 0.0265625
0 0.50078125 0.65234375 0.8703125 0.04921875
0 0.503125 0.703125 0.875 0.04453125
0 0.5 0.75 0.88125 0.0421875
0 0.503125 0.7984375 0.89140625 0.04453125
1 0.06953125 0.878125 0.08984375 0.0578125
1 0.18359375 0.8890625 0.09921875 0.05703125
1 0.92578125 0.8734375 0.11171875 0.04921875