1 0.27578125 0.271875 0.103125 0.0484375
1 0.86875 0.34375 0.08359375 0.0359375
0 0.5 0.415625 0.790625 0.0734375
0 0.4140625 0.34296875 0.74375 0.06015625
0 0.13984375 0.515625 0.178125 0.06328125
0 0.1578125 0.6015625 0.175 0.06953125
0 0.16640625 0.690625 0.21875 0.07265625
0 0.45546875 0.69453125 0.1953125 0.06015625
0 0.45546875 0.6 0.20546875 0.065625
0 0.47421875 0.51015625 0.2 0.06640625
0 0.771875 0.51640625 0.21640625 0.05859375
0 0.77734375 0.60859375 0.2140625 0.06875
0 0.78203125 0.6890625 0.21015625 0.06328125
0 0.771875 0.7765625 0.190625 0.06484375
0 0.41953125 0.7828125 0.171875 0.06484375
3 0.11796875 0.5109375 0.075 0.0359375
3 0.47109375 0.5140625 0.16328125 0.04921875
3 0.7734375 0.51796875 0.16328125 0.04296875
3 0.7734375 0.60703125 0.16640625 0.04375
3 0.46015625 0.6015625 0.16328125 0.05078125
3 0.15390625 0.60234375 0.13359375 0.05078125
3 0.165625 0.6890625 0.165625 0.05703125
3 0.46171875 0.6921875 0.14375 0.0421875
3 0.7859375 0.69140625 0.16328125 0.04921875
3 0.75390625 0.775 0.12421875 0.04375
3 0.4171875 0.78125 0.11171875 0.04140625
3 0.54140625 0.2765625 0.40703125 0.03984375