3 0.5015625 0.3984375 0.66953125 0.08203125
3 0.50625 0.4625 0.79921875 0.03203125
3 0.259375 0.578125 0.16171875 0.03203125
3 0.75390625 0.58203125 0.10078125 0.02109375
3 0.5140625 0.7 0.1609375 0.0203125
3 0.38046875 0.80859375 0.5 0.03203125
3 0.4859375 0.8984375 0.30625 0.034375
3 0.49375 0.75859375 0.0484375 0.03203125
0 0.2796875 0.5734375 0.2984375 0.0546875
0 0.75390625 0.575 0.20546875 0.05703125
0 0.496875 0.696875 0.77421875 0.06796875
0 0.48359375 0.8984375 0.36640625 0.04765625
1 0.8484375 0.80703125 0.0734375 0.04296875
1 0.85078125 0.8578125 0.0765625 0.04296875
1 0.20546875 0.96875 0.09375 0.05234375
1 0.4890625 0.9671875 0.096875 0.0296875
1 0.78359375 0.96875 0.08046875 0.0390625
1 0.31640625 0.85390625 0.41171875 0.03671875