1 0.06171875 0.41875 0.08046875 0.0453125
1 0.06015625 0.4875 0.06875 0.04140625
1 0.059375 0.54609375 0.053125 0.03671875
1 0.06796875 0.61171875 0.06875 0.034375
1 0.071875 0.6796875 0.053125 0.03828125
1 0.05625 0.75234375 0.084375 0.04765625
1 0.06953125 0.89765625 0.04921875 0.03671875
1 0.215625 0.96875 0.096875 0.03359375
1 0.509375 0.97109375 0.08046875 0.04296875
1 0.7765625 0.96875 0.05625 0.03359375
1 0.08046875 0.27890625 0.0765625 0.03828125
1 0.9296875 0.27421875 0.0890625 0.0390625
3 0.11640625 0.353125 0.13359375 0.02265625
3 0.271875 0.41640625 0.20078125 0.03671875
3 0.25546875 0.48828125 0.19453125 0.0296875
3 0.2734375 0.55546875 0.22109375 0.03203125
3 0.24921875 0.61796875 0.1734375 0.034375
3 0.3078125 0.68359375 0.29921875 0.03671875
3 0.27578125 0.7515625 0.22578125 0.03203125
3 0.21328125 0.828125 0.35078125 0.0296875
3 0.30625 0.89375 0.2953125 0.034375
3 0.21953125 0.2796875 0.11328125 0.03671875
3 0.1 0.19609375 0.15703125 0.03671875
3 0.84296875 0.271875 0.06875 0.0296875
3 0.875 0.36875 0.18125 0.07734375
3 0.88046875 0.8140625 0.22578125 0.09765625
2 0.88984375 0.6 0.2203125 0.32578125