3 0.49765625 0.15703125 0.96015625 0.06796875
3 0.31796875 0.2625 0.56015625 0.04296875
3 0.18828125 0.37890625 0.3765625 0.05234375
3 0.26328125 0.4875 0.52578125 0.06328125
3 0.28125 0.60234375 0.54453125 0.05234375
3 0.20625 0.71171875 0.4125 0.0578125
3 0.3375 0.82109375 0.675 0.06640625
3 0.1953125 0.90546875 0.290625 0.034375
3 0.3765625 0.06484375 0.55625 0.03828125
2 0.06953125 0.0609375 0.1046875 0.05078125
2 0.67265625 0.89921875 0.48828125 0.08671875
1 0.80078125 0.0671875 0.096875 0.04765625
1 0.9296875 0.065625 0.06484375 0.0453125
1 0.22109375 0.96875 0.06875 0.06171875
1 0.528125 0.9703125 0.109375 0.04140625
1 0.7984375 0.96484375 0.10078125 0.03828125
0 0.86640625 0.87578125 0.0515625 0.025