3 0.2390625 0.0625 0.26640625 0.04609375
3 0.2984375 0.19765625 0.48125 0.028125
3 0.5984375 0.24609375 0.33671875 0.06328125
3 0.5203125 0.34609375 0.640625 0.09921875
3 0.36796875 0.4515625 0.128125 0.01953125
3 0.65546875 0.45234375 0.18515625 0.01953125
3 0.56015625 0.5296875 0.44296875 0.11328125
3 0.54453125 0.66953125 0.5703125 0.04609375
3 0.1796875 0.74921875 0.1 0.03828125
3 0.5109375 0.75078125 0.33671875 0.04296875
3 0.80703125 0.74921875 0.12578125 0.040625
3 0.06875 0.83046875 0.13671875 0.03046875
3 0.496875 0.825 0.11640625 0.03984375
3 0.9515625 0.82890625 0.09609375 0.03203125
3 0.79453125 0.89921875 0.36328125 0.06796875
3 0.24296875 0.8953125 0.20703125 0.06171875
1 0.06328125 0.06484375 0.08515625 0.05390625
1 0.52421875 0.06640625 0.12578125 0.05625
1 0.66484375 0.065625 0.11484375 0.06875
1 0.8 0.0640625 0.12578125 0.065625
1 0.934375 0.06328125 0.11328125 0.06484375
1 0.31953125 0.25234375 0.18671875 0.0875
1 0.37578125 0.42265625 0.1 0.03671875
1 0.66953125 0.42421875 0.11328125 0.034375
1 0.2859375 0.49453125 0.109375 0.04609375
1 0.28203125 0.55234375 0.1015625 0.05546875
1 0.12890625 0.67109375 0.1015625 0.05703125
1 0.04296875 0.92578125 0.08515625 0.025
0 0.7234375 0.06484375 0.55 0.065625
0 0.65703125 0.43203125 0.278125 0.06328125
0 0.3734375 0.4296875 0.27578125 0.06171875
0 0.80703125 0.75 0.2515625 0.07109375
0 0.5 0.74765625 0.3703125 0.06875
0 0.19296875 0.74921875 0.259375 0.065625
0 0.5 0.66875 0.86328125 0.07109375
0 0.4984375 0.9 0.99609375 0.07109375
2 0.28828125 0.90234375 0.57578125 0.078125