3 0.38828125 0.07734375 0.490625 0.04609375
3 0.50078125 0.8453125 0.828125 0.084375
3 0.4265625 0.72890625 0.68671875 0.084375
3 0.45703125 0.60390625 0.79609375 0.10234375
3 0.42421875 0.48046875 0.71875 0.08359375
3 0.31015625 0.36796875 0.471875 0.059375
3 0.30390625 0.2578125 0.478125 0.053125
3 0.3265625 0.16328125 0.50546875 0.059375
0 0.090625 0.08671875 0.10390625 0.03984375
0 0.5046875 0.159375 0.92421875 0.09140625
0 0.503125 0.26328125 0.9390625 0.090625
0 0.49609375 0.36640625 0.91875 0.08125
0 0.89921875 0.47421875 0.1609375 0.05
0 0.896875 0.72265625 0.11640625 0.06171875