3 0.27890625 0.0703125 0.5015625 0.04453125
3 0.48828125 0.45078125 0.76875 0.50625
3 0.8203125 0.75390625 0.16640625 0.05234375
0 0.81875 0.753125 0.20703125 0.06875
0 0.3046875 0.67734375 0.38359375 0.03671875
0 0.403125 0.6078125 0.57578125 0.03828125
0 0.46484375 0.54765625 0.721875 0.05625
0 0.29375 0.48125 0.36875 0.04765625
0 0.2515625 0.415625 0.278125 0.05
0 0.296875 0.34453125 0.371875 0.05234375
0 0.21875 0.28046875 0.2109375 0.04453125
0 0.94453125 0.06953125 0.09296875 0.06875
1 0.9453125 0.0703125 0.04609375 0.04453125