3 0.22265625 0.07265625 0.184375 0.04296875
3 0.50625 0.14765625 0.76796875 0.04453125
3 0.24921875 0.41953125 0.4140625 0.09609375
3 0.7546875 0.42421875 0.478125 0.08359375
3 0.765625 0.70546875 0.36640625 0.07421875
3 0.253125 0.70625 0.4609375 0.06484375
3 0.49453125 0.90859375 0.40703125 0.04375
0 0.5 0.90625 1 0.06171875
0 0.93046875 0.0703125 0.134375 0.06171875
0 0.0671875 0.07265625 0.10859375 0.05546875
0 0.2484375 0.334375 0.49609375 0.29453125
0 0.75 0.33125 0.5 0.29375
0 0.25078125 0.62734375 0.50078125 0.29453125
0 0.7515625 0.6265625 0.496875 0.29296875
0 0.75 0.82578125 0.5 0.1078125
0 0.2484375 0.825 0.49609375 0.09921875
2 0.74765625 0.2953125 0.28203125 0.15546875
2 0.26328125 0.296875 0.2484375 0.04609375
2 0.24453125 0.58046875 0.25625 0.06796875
2 0.74453125 0.5828125 0.240625 0.04609375
1 0.93359375 0.0703125 0.09453125 0.04765625
1 0.06953125 0.071875 0.0703125 0.03671875