3 0.50078125 0.4828125 0.24453125 0.02890625
3 0.5015625 0.5453125 0.5 0.0578125
3 0.503125 0.6515625 0.346875 0.02421875
3 0.49453125 0.25078125 0.36484375 0.04609375
3 0.54296875 0.0671875 0.40078125 0.02578125
3 0.50390625 0.72578125 0.4046875 0.0375
1 0.246875 0.31953125 0.05390625 0.02890625
1 0.2984375 0.06484375 0.0703125 0.03671875
1 0.365625 0.01640625 0.57421875 0.0265625
1 0.9421875 0.06328125 0.06015625 0.04609375
1 0.04609375 0.0171875 0.05546875 0.02109375
1 0.71640625 0.01796875 0.0359375 0.0265625
1 0.76796875 0.01640625 0.05390625 0.02421875
1 0.86796875 0.01796875 0.0390625 0.02890625
1 0.815625 0.0140625 0.04296875 0.02734375
0 0.50234375 0.14375 0.9453125 0.06484375
0 0.49609375 0.6484375 0.66484375 0.084375
0 0.50078125 0.8875 0.93515625 0.075
0 0.92421875 0.24453125 0.0703125 0.05234375
0 0.9203125 0.3609375 0.059375 0.04140625
2 0.496875 0.37734375 0.2265625 0.11328125