3 0.5171875 0.25 0.48828125 0.06484375
3 0.49375 0.5203125 0.5359375 0.11484375
3 0.496875 0.65078125 0.33515625 0.03828125
3 0.12578125 0.6359375 0.13828125 0.03046875
3 0.24609375 0.83203125 0.3015625 0.028125
3 0.78671875 0.83359375 0.2484375 0.06015625
3 0.5109375 0.9 0.434375 0.03515625
1 0.47890625 0.15546875 0.30390625 0.11484375
1 0.109375 0.39921875 0.05859375 0.0390625
1 0.115625 0.47890625 0.059375 0.04375
1 0.2453125 0.31640625 0.0703125 0.04296875
1 0.49453125 0.37578125 0.2484375 0.12734375
1 0.571875 0.83203125 0.084375 0.0515625
1 0.0375 0.83203125 0.05859375 0.03828125
0 0.2515625 0.83203125 0.4984375 0.059375
0 0.746875 0.83125 0.496875 0.06796875
0 0.49765625 0.8984375 0.9953125 0.0734375
0 0.50078125 0.64921875 0.653125 0.078125
0 0.11953125 0.6390625 0.13515625 0.03828125
0 0.50078125 0.5703125 0.86015625 0.05859375
2 0.5 0.4828125 1 0.90234375