3 0.20625 0.07109375 0.31796875 0.0375
3 0.40703125 0.15078125 0.7984375 0.0703125
3 0.50078125 0.3296875 0.97578125 0.08671875
3 0.15 0.24375 0.1109375 0.03359375
3 0.11171875 0.2 0.196875 0.02265625
3 0.37890625 0.496875 0.703125 0.16171875
3 0.39296875 0.66015625 0.20703125 0.078125
3 0.696875 0.63828125 0.14296875 0.15625
3 0.07890625 0.625 0.13515625 0.1359375
3 0.49921875 0.775 0.31640625 0.04609375
3 0.0984375 0.92421875 0.0953125 0.02109375
3 0.2890625 0.925 0.1140625 0.0203125
3 0.484375 0.92734375 0.13828125 0.01953125
3 0.68125 0.9265625 0.1390625 0.0203125
3 0.87578125 0.9265625 0.11875 0.0203125
3 0.640625 0.40078125 0.15 0.0203125
1 0.096875 0.89453125 0.06875 0.040625
1 0.303125 0.89609375 0.1234375 0.0453125
1 0.4828125 0.8953125 0.08984375 0.04765625
1 0.6765625 0.89375 0.115625 0.04609375
1 0.871875 0.89453125 0.1203125 0.04375
1 0.06328125 0.24453125 0.06484375 0.04140625
1 0.80078125 0.06953125 0.09921875 0.04609375
1 0.93515625 0.06796875 0.0515625 0.0484375
1 0.028125 0.0671875 0.0359375 0.03671875
0 0.79921875 0.06875 0.13984375 0.05546875
0 0.93125 0.06796875 0.0890625 0.06171875
0 0.02890625 0.06796875 0.0515625 0.05
0 0.12109375 0.2453125 0.21640625 0.05234375
0 0.5 0.7765625 0.32578125 0.05078125
0 0.096875 0.9015625 0.19375 0.071875
0 0.296875 0.9046875 0.20078125 0.07578125
0 0.49140625 0.9015625 0.18125 0.0703125
0 0.68125 0.9015625 0.1953125 0.06953125
0 0.89140625 0.9078125 0.21640625 0.08203125
0 0.38984375 0.66328125 0.240625 0.09453125