2 0.48984375 0.4765625 0.95390625 0.60078125
3 0.21953125 0.01953125 0.4203125 0.028125
3 0.09609375 0.0484375 0.19140625 0.03046875
3 0.9765625 0.903125 0.04609375 0.04453125
3 0.14609375 0.90078125 0.12890625 0.0390625
0 0.83125 0.05703125 0.09453125 0.04453125
0 0.5015625 0.121875 0.99609375 0.10546875
0 0.0703125 0.840625 0.121875 0.06015625
0 0.284375 0.846875 0.140625 0.06875
0 0.50078125 0.84296875 0.1234375 0.05859375
0 0.74453125 0.84765625 0.12890625 0.07109375
0 0.9375 0.846875 0.125 0.06875
0 0.52109375 0.9015625 0.09375 0.04765625
0 0.8984375 0.90234375 0.096875 0.04609375
1 0.04140625 0.9015625 0.075 0.040625