3 0.25546875 0.07578125 0.24296875 0.034375
3 0.3 0.14765625 0.30703125 0.04140625
3 0.35390625 0.2265625 0.43984375 0.03359375
3 0.22890625 0.30390625 0.1734375 0.025
3 0.37265625 0.38203125 0.49140625 0.03671875
3 0.28828125 0.45546875 0.321875 0.03671875
3 0.24609375 0.53125 0.22109375 0.0296875
3 0.39296875 0.609375 0.53203125 0.03359375
3 0.528125 0.68671875 0.78671875 0.0296875
2 0.071875 0.14453125 0.13359375 0.06640625
2 0.06796875 0.22734375 0.11796875 0.06328125
2 0.06015625 0.3015625 0.109375 0.07109375
2 0.0625 0.37578125 0.125 0.06796875
2 0.065625 0.4484375 0.11328125 0.06875
2 0.06953125 0.52578125 0.12890625 0.07265625
2 0.07421875 0.60703125 0.11328125 0.075
2 0.078125 0.6875 0.11328125 0.0640625
2 0.7921875 0.07578125 0.12109375 0.05703125
2 0.9359375 0.06953125 0.0765625 0.05703125
1 0.06640625 0.06796875 0.05625 0.03671875
1 0.2375 0.9671875 0.09375 0.04296875
1 0.51640625 0.96640625 0.10078125 0.04765625
1 0.7765625 0.97109375 0.08046875 0.04296875