3 0.49765625 0.046875 0.084375 0.01640625
3 0.50546875 0.07265625 0.39453125 0.03046875
3 0.503125 0.121875 0.98125 0.04609375
3 0.49921875 0.2859375 0.9390625 0.25390625
3 0.20625 0.44921875 0.35859375 0.021875
3 0.24609375 0.49765625 0.43203125 0.02421875
3 0.103125 0.9234375 0.05859375 0.0140625
3 0.30078125 0.92421875 0.134375 0.01796875
3 0.50703125 0.92421875 0.13359375 0.01328125
3 0.70078125 0.925 0.0859375 0.01953125
3 0.90078125 0.921875 0.1484375 0.02109375
0 0.103125 0.9015625 0.11796875 0.06640625
0 0.29296875 0.90234375 0.16796875 0.06640625
0 0.5015625 0.90546875 0.178125 0.06328125
0 0.70234375 0.90546875 0.20625 0.06328125
0 0.8984375 0.90703125 0.178125 0.06953125
0 0.5015625 0.4515625 0.97578125 0.04609375
0 0.49765625 0.4953125 0.975 0.0484375