3 0.23125 0.3 0.28203125 0.04921875
3 0.22890625 0.36953125 0.290625 0.0359375
3 0.2359375 0.4453125 0.28125 0.0375
3 0.23359375 0.52109375 0.290625 0.04453125
3 0.22890625 0.5890625 0.290625 0.05390625
3 0.23203125 0.6671875 0.2890625 0.04921875
3 0.23203125 0.734375 0.303125 0.05390625
3 0.24375 0.8078125 0.303125 0.05390625
3 0.23828125 0.8796875 0.29609375 0.05
3 0.49921875 0.1890625 0.85625 0.07265625
2 0.9203125 0.21953125 0.159375 0.0921875
2 0.08671875 0.15 0.16484375 0.08046875
1 0.0515625 0.3 0.090625 0.04453125
1 0.04609375 0.3671875 0.07421875 0.04921875
1 0.05078125 0.43984375 0.06875 0.04296875
1 0.0484375 0.51640625 0.0640625 0.04609375
1 0.04375 0.590625 0.06953125 0.04921875
1 0.04765625 0.66328125 0.06171875 0.046875
1 0.0484375 0.73515625 0.06015625 0.03984375
1 0.0546875 0.80546875 0.07578125 0.046875
1 0.0484375 0.87265625 0.0640625 0.05
0 0.95390625 0.2984375 0.09140625 0.04140625
0 0.9640625 0.36953125 0.06640625 0.06640625
0 0.95625 0.45 0.07578125 0.05
0 0.95703125 0.51328125 0.07421875 0.04921875
0 0.95078125 0.5859375 0.07890625 0.05390625
0 0.95390625 0.6609375 0.09140625 0.03359375
0 0.94921875 0.73203125 0.06640625 0.0546875
0 0.9703125 0.8078125 0.059375 0.0375
0 0.9578125 0.88046875 0.084375 0.0671875