2 0.25703125 0.29921875 0.221875 0.12578125
2 0.50390625 0.89375 0.76328125 0.03828125
3 0.63046875 0.29609375 0.49296875 0.12734375
3 0.503125 0.43359375 0.64921875 0.115625
3 0.50625 0.5734375 0.41953125 0.04140625
3 0.43515625 0.071875 0.62578125 0.0296875
0 0.50390625 0.5671875 0.53671875 0.07734375
0 0.44140625 0.5328125 0.00859375 0.009375
1 0.078125 0.0703125 0.096875 0.040625
1 0.8203125 0.06953125 0.09609375 0.05234375
1 0.94140625 0.07109375 0.0484375 0.04765625
1 0.78359375 0.96640625 0.1046875 0.04765625
1 0.49765625 0.96796875 0.08828125 0.04140625
1 0.215625 0.9671875 0.08046875 0.04296875