3 0.48984375 0.5875 0.88515625 0.35078125
3 0.38125 0.0734375 0.453125 0.03671875
3 0.67578125 0.284375 0.503125 0.1453125
3 0.56328125 0.78359375 0.13359375 0.02109375
3 0.80859375 0.78515625 0.25859375 0.02578125
3 0.9515625 0.0171875 0.096875 0.028125
0 0.5515625 0.78828125 0.2 0.03984375
0 0.809375 0.7875 0.2796875 0.03828125
0 0.8140625 0.0703125 0.10546875 0.06796875
0 0.94296875 0.07421875 0.10703125 0.05234375
0 0.071875 0.075 0.0984375 0.05625
0 0.165625 0.82890625 0.08984375 0.03984375
0 0.50859375 0.834375 0.15859375 0.05390625
0 0.8421875 0.83203125 0.14921875 0.03125
0 0.22421875 0.97265625 0.08046875 0.04453125
0 0.5 0.96796875 0.07578125 0.04140625
0 0.77890625 0.96796875 0.08046875 0.04375
1 0.45859375 0.01640625 0.8953125 0.03203125
1 0.06796875 0.078125 0.07421875 0.04921875
1 0.81875 0.07109375 0.075 0.04609375
1 0.94296875 0.078125 0.071875 0.0390625
1 0.17109375 0.828125 0.13359375 0.0546875
1 0.50703125 0.83515625 0.1734375 0.06640625
1 0.8390625 0.83359375 0.17578125 0.04453125
1 0.22109375 0.96953125 0.1171875 0.0609375
1 0.503125 0.96953125 0.1609375 0.05859375
1 0.77890625 0.96796875 0.1953125 0.0640625
2 0.49921875 0.278125 0.928125 0.26484375