3 0.3015625 0.10078125 0.19140625 0.03203125
3 0.503125 0.16640625 0.81171875 0.05390625
3 0.47578125 0.2390625 0.7796875 0.05859375
3 0.51796875 0.284375 0.7015625 0.03125
3 0.53359375 0.365625 0.73125 0.10390625
3 0.528125 0.45625 0.71796875 0.05078125
3 0.503125 0.57890625 0.8203125 0.07890625
3 0.19140625 0.51015625 0.2015625 0.034375
3 0.19765625 0.65 0.20859375 0.02734375
3 0.5046875 0.74375 0.82421875 0.13359375
3 0.29296875 0.83359375 0.39921875 0.01953125
3 0.8296875 0.87421875 0.071875 0.02734375
1 0.13203125 0.28515625 0.06171875 0.03203125
1 0.128125 0.3609375 0.06875 0.0390625
1 0.13203125 0.4484375 0.07578125 0.0390625
1 0.15859375 0.10078125 0.0953125 0.046875
0 0.8265625 0.875 0.15546875 0.0421875