3 0.4984375 0.0921875 0.265625 0.07890625
3 0.503125 0.18984375 0.55078125 0.05625
3 0.06171875 0.27578125 0.10078125 0.04296875
3 0.6203125 0.29921875 0.759375 0.0859375
3 0.40546875 0.37578125 0.15703125 0.03203125
3 0.17109375 0.36875 0.11796875 0.03984375
3 0.0546875 0.43671875 0.109375 0.04140625
3 0.61640625 0.46484375 0.75390625 0.08984375
3 0.615625 0.54921875 0.7546875 0.03515625
3 0.50546875 0.60546875 0.51328125 0.02734375
3 0.61953125 0.6828125 0.76015625 0.0921875
3 0.61953125 0.765625 0.76015625 0.04609375
3 0.071875 0.76796875 0.12421875 0.0390625
3 0.06171875 0.65625 0.10078125 0.04375
3 0.06015625 0.546875 0.09453125 0.0484375
3 0.5140625 0.8328125 0.75 0.05859375
3 0.5 0.91953125 0.86328125 0.028125
1 0.909375 0.0890625 0.1515625 0.0640625
1 0.08515625 0.08984375 0.12578125 0.04921875
1 0.1734375 0.27578125 0.09453125 0.05078125
1 0.17421875 0.4390625 0.096875 0.05234375
1 0.17734375 0.55 0.10078125 0.05546875
1 0.18203125 0.66015625 0.10625 0.053125
1 0.18515625 0.76875 0.0890625 0.0515625
1 0.12890625 0.8875 0.09609375 0.04140625
1 0.384375 0.8859375 0.08828125 0.03984375
1 0.63203125 0.8875 0.09921875 0.03671875
1 0.8765625 0.8875 0.08671875 0.03984375
0 0.8984375 0.08984375 0.203125 0.08203125
0 0.0859375 0.08984375 0.1640625 0.0671875
0 0.49921875 0.82890625 0.7796875 0.071875
0 0.878125 0.9015625 0.23828125 0.07265625
0 0.63515625 0.90078125 0.24609375 0.07109375
0 0.384375 0.90078125 0.246875 0.07109375
0 0.12890625 0.9 0.25703125 0.06953125
2 0.5 0.4734375 1 0.6453125