0 0.49765625 0.47890625 0.53203125 0.06171875
0 0.5015625 0.54375 0.540625 0.06796875
0 0.50390625 0.6125 0.54453125 0.059375
0 0.509375 0.67734375 0.54921875 0.05703125
2 0.49609375 0.17421875 0.9890625 0.284375
3 0.49765625 0.36640625 0.66171875 0.06796875
3 0.4890625 0.47734375 0.346875 0.03828125
3 0.4953125 0.5453125 0.34296875 0.034375
3 0.50546875 0.61015625 0.3390625 0.03203125
3 0.49921875 0.675 0.34375 0.034375
3 0.5015625 0.9015625 0.30625 0.04140625
1 0.78046875 0.96875 0.096875 0.05703125
1 0.50546875 0.9625 0.0890625 0.05234375
1 0.22109375 0.9703125 0.09296875 0.05