3 0.25703125 0.07265625 0.46953125 0.03984375
3 0.36171875 0.15390625 0.6890625 0.04140625
3 0.17109375 0.25625 0.3203125 0.040625
3 0.13046875 0.3421875 0.2390625 0.04296875
3 0.18203125 0.4140625 0.34921875 0.0421875
3 0.153125 0.50234375 0.284375 0.03671875
3 0.94921875 0.28359375 0.07109375 0.0296875
3 0.90546875 0.18359375 0.1890625 0.1078125
3 0.903125 0.4703125 0.19375 0.10625
3 0.93828125 0.56796875 0.05390625 0.03515625
3 0.903125 0.753125 0.19375 0.109375
3 0.94296875 0.84921875 0.05390625 0.03671875
2 0.91328125 0.9125 0.1734375 0.0390625
2 0.64921875 0.83984375 0.28671875 0.19921875
2 0.8875 0.36796875 0.1546875 0.0875
2 0.8859375 0.653125 0.1515625 0.0859375
1 0.85546875 0.56875 0.090625 0.06328125
1 0.8625 0.85390625 0.08828125 0.059375
1 0.8609375 0.284375 0.08203125 0.05703125
1 0.9109375 0.071875 0.13515625 0.05859375
1 0.7265625 0.078125 0.084375 0.05234375
1 0.7484375 0.1578125 0.06796875 0.0515625
0 0.746875 0.15859375 0.0859375 0.06796875
0 0.728125 0.07578125 0.1203125 0.07109375
0 0.40390625 0.24375 0.80703125 0.09609375
0 0.4046875 0.33359375 0.809375 0.08359375
0 0.403125 0.41484375 0.80625 0.08359375
0 0.40234375 0.49921875 0.8046875 0.08359375
0 0.9046875 0.228125 0.190625 0.028125
0 0.903125 0.5140625 0.19375 0.02734375
0 0.9046875 0.79609375 0.190625 0.025
0 0.86015625 0.85390625 0.1015625 0.06796875
0 0.85859375 0.56875 0.1015625 0.06640625
0 0.8578125 0.2859375 0.096875 0.06328125