0 0.853125 0.08203125 0.10078125 0.03828125
0 0.16171875 0.1578125 0.31328125 0.0578125
0 0.49453125 0.15703125 0.3390625 0.05546875
0 0.83125 0.15703125 0.334375 0.059375
0 0.2875 0.23515625 0.084375 0.0265625
0 0.49765625 0.31328125 0.86015625 0.03046875
0 0.32109375 0.371875 0.13203125 0.02890625
0 0.48828125 0.428125 0.8703125 0.03515625
0 0.41328125 0.4828125 0.10390625 0.03359375
0 0.4953125 0.56171875 0.871875 0.03515625
0 0.98125 0.87578125 0.03046875 0.01796875
0 0.98359375 0.8984375 0.0296875 0.01796875
1 0.946875 0.08203125 0.03828125 0.03125
1 0.33046875 0.90078125 0.109375 0.053125
1 0.33671875 0.36484375 0.04453125 0.03203125
1 0.3109375 0.23125 0.05 0.03515625
1 0.43359375 0.47890625 0.05 0.03828125
1 0.090625 0.42734375 0.040625 0.01953125
1 0.09140625 0.56171875 0.0390625 0.025
3 0.17734375 0.08515625 0.3046875 0.03984375
3 0.165625 0.153125 0.22109375 0.03671875
3 0.49765625 0.153125 0.1734375 0.02890625
3 0.83203125 0.15390625 0.178125 0.02578125
3 0.19765625 0.48515625 0.31953125 0.02890625
3 0.48359375 0.5265625 0.88828125 0.0359375
3 0.68125 0.89140625 0.5359375 0.03984375
3 0.140625 0.9 0.24453125 0.059375
3 0.1359375 0.23359375 0.1953125 0.0328125
3 0.44921875 0.275 0.83203125 0.0484375