2 0.58046875 0.2421875 0.58125 0.23984375
3 0.23671875 0.8328125 0.16171875 0.06953125
3 0.50234375 0.8328125 0.17890625 0.09140625
3 0.803125 0.83359375 0.1984375 0.09296875
3 0.53046875 0.4734375 0.20625 0.06328125
1 0.52421875 0.21796875 0.39140625 0.15234375
1 0.56640625 0.48125 0.31328125 0.11171875
1 0.3359375 0.41015625 0.075 0.02734375
1 0.084375 0.04296875 0.16875 0.0328125
1 0.6546875 0.03359375 0.1203125 0.0578125
1 0.803125 0.0375 0.08671875 0.040625
1 0.93828125 0.0375 0.084375 0.05
1 0.06796875 0.6203125 0.13515625 0.05390625
1 0.9546875 0.6296875 0.090625 0.06875
1 0.225 0.85078125 0.22421875 0.10234375
1 0.46171875 0.81171875 0.16015625 0.08984375
1 0.790625 0.82578125 0.25078125 0.09296875
0 0.1125 0.0390625 0.225 0.06015625
0 0.63359375 0.03515625 0.13984375 0.0546875
0 0.8015625 0.03671875 0.11171875 0.0453125
0 0.93671875 0.0390625 0.11484375 0.053125
0 0.440625 0.4515625 0.3859375 0.08515625
0 0.18125 0.62109375 0.36171875 0.04609375
0 0.91484375 0.65859375 0.1703125 0.13359375
0 0.44453125 0.70703125 0.67421875 0.06953125
0 0.23046875 0.809375 0.240625 0.07578125
0 0.4671875 0.8125 0.1765625 0.11953125
0 0.72890625 0.82265625 0.16875 0.09921875