3 0.50078125 0.41328125 0.95 0.03359375
3 0.5 0.55234375 0.959375 0.02890625
3 0.5 0.68828125 0.93359375 0.025
3 0.5015625 0.82421875 0.89609375 0.03046875
3 0.36328125 0.89921875 0.47421875 0.04765625
3 0.91640625 0.89765625 0.140625 0.03359375
3 0.315625 0.071875 0.4015625 0.05625
3 0.59375 0.19609375 0.64609375 0.14765625
2 0.5 0.19921875 1 0.178125
1 0.509375 0.35078125 0.98125 0.09453125
1 0.509375 0.4890625 0.98125 0.09296875
1 0.49296875 0.62578125 0.9484375 0.1
1 0.50546875 0.76171875 0.96328125 0.09140625
1 0.06171875 0.9 0.1234375 0.071875
1 0.95 0.07578125 0.07421875 0.04921875
1 0.82421875 0.07109375 0.09609375 0.04453125
1 0.06484375 0.07109375 0.10390625 0.05
1 0.22109375 0.1953125 0.071875 0.04921875
0 0.496875 0.36640625 0.97578125 0.13984375
0 0.50546875 0.50390625 0.9890625 0.13125
0 0.50234375 0.6390625 0.9953125 0.134375
0 0.50078125 0.77734375 0.9984375 0.13046875
0 0.503125 0.85546875 0.08359375 0.02109375
0 0.5 0.90234375 1 0.07421875
0 0.8796875 0.07265625 0.23671875 0.059375
0 0.5515625 0.2765625 0.4 0.021875
0 0.2140625 0.19609375 0.10546875 0.06484375