2 0.26953125 0.64921875 0.41953125 0.11796875
2 0.7328125 0.634375 0.3546875 0.09765625
2 0.49296875 0.88671875 0.67421875 0.08046875
3 0.60859375 0.15703125 0.65546875 0.028125
3 0.05859375 0.2296875 0.09296875 0.03125
3 0.16328125 0.2453125 0.08984375 0.03125
3 0.30625 0.24609375 0.0953125 0.0359375
3 0.40546875 0.24921875 0.09296875 0.0234375
3 0.5609375 0.25078125 0.06796875 0.0203125
3 0.68828125 0.2484375 0.0984375 0.028125
3 0.84296875 0.24609375 0.11796875 0.0203125
3 0.415625 0.29921875 0.73203125 0.0125
3 0.38046875 0.36015625 0.690625 0.00625
3 0.37421875 0.40859375 0.73046875 0.0109375
3 0.42109375 0.46640625 0.75546875 0.03671875
3 0.38828125 0.51796875 0.76953125 0.028125
3 0.1890625 0.76328125 0.24609375 0.0375
3 0.64140625 0.7671875 0.2296875 0.0453125
1 0.90625 0.07421875 0.18671875 0.05859375
1 0.07890625 0.06328125 0.11796875 0.03984375
1 0.5015625 0.06328125 0.2015625 0.05234375
0 0.07109375 0.059375 0.1234375 0.04453125
0 0.88359375 0.07578125 0.23203125 0.04609375