0 0.384375 0.14453125 0.703125 0.07578125
0 0.859375 0.14453125 0.28046875 0.06640625
0 0.93671875 0.21171875 0.1265625 0.059375
0 0.5421875 0.97109375 0.71015625 0.05234375
1 0.53203125 0.54609375 0.2546875 0.159375
1 0.496875 0.82890625 0.3390625 0.1546875
1 0.49140625 0.025 0.95546875 0.04609375
3 0.42890625 0.246875 0.80625 0.12109375
3 0.35078125 0.09609375 0.0203125 0.01171875
3 0.43671875 0.0703125 0.678125 0.03671875
3 0.1140625 0.3765625 0.1859375 0.04296875
3 0.1140625 0.6796875 0.1859375 0.065625