3 0.20625 0.05234375 0.17578125 0.02265625
3 0.24921875 0.08515625 0.290625 0.028125
3 0.265625 0.15 0.4609375 0.02890625
3 0.20625 0.23671875 0.3203125 0.03984375
3 0.146875 0.32578125 0.1984375 0.03984375
3 0.16953125 0.41015625 0.24609375 0.0375
3 0.20078125 0.490625 0.271875 0.02734375
3 0.23828125 0.590625 0.33515625 0.04609375
3 0.20859375 0.66640625 0.25703125 0.04609375
3 0.70546875 0.50546875 0.3484375 0.05078125
3 0.74375 0.575 0.46875 0.04140625
3 0.74140625 0.64453125 0.36875 0.03359375
3 0.71796875 0.70546875 0.4203125 0.03046875
3 0.73203125 0.77734375 0.50546875 0.01875
3 0.6953125 0.83984375 0.3390625 0.034375
1 0.96484375 0.07265625 0.0703125 0.06796875
1 0.0609375 0.06796875 0.10390625 0.06171875
1 0.0734375 0.89921875 0.14609375 0.03046875
1 0.29296875 0.89453125 0.1484375 0.05859375
1 0.50625 0.91328125 0.15390625 0.06328125
1 0.7359375 0.90546875 0.14296875 0.04375
1 0.94296875 0.92109375 0.1140625 0.0828125
0 0.10390625 0.06640625 0.18515625 0.07421875
0 0.928125 0.0453125 0.12578125 0.071875
0 0.30859375 0.14296875 0.571875 0.0375
0 0.2640625 0.2203125 0.4015625 0.08671875
0 0.184375 0.3171875 0.309375 0.06171875
0 0.1359375 0.40234375 0.23125 0.03984375
0 0.20703125 0.496875 0.3515625 0.04375
0 0.2453125 0.584375 0.45 0.08359375
0 0.22421875 0.6671875 0.33359375 0.053125
0 0.0859375 0.89375 0.13125 0.06875
0 0.2734375 0.90234375 0.25 0.05
0 0.54453125 0.89921875 0.159375 0.04296875
0 0.7296875 0.89765625 0.21484375 0.040625
0 0.91328125 0.89765625 0.0890625 0.03359375
0 0.69296875 0.83515625 0.34453125 0.05078125
0 0.646875 0.76484375 0.21640625 0.046875
0 0.76875 0.70234375 0.36640625 0.04765625
0 0.71015625 0.64140625 0.328125 0.03984375
0 0.71875 0.56328125 0.359375 0.034375
0 0.73359375 0.51328125 0.459375 0.05234375