2 0.5296875 0.23359375 0.940625 0.3828125
2 0.53984375 0.49296875 0.17578125 0.040625
3 0.40703125 0.1671875 0.22890625 0.0359375
3 0.403125 0.24609375 0.209375 0.0234375
3 0.53125 0.33828125 0.3109375 0.03515625
3 0.54140625 0.37890625 0.31953125 0.03125
3 0.559375 0.459375 0.4390625 0.02578125
3 0.48203125 0.55234375 0.85 0.07890625
3 0.27109375 0.91953125 0.14296875 0.021875
3 0.50546875 0.9171875 0.1453125 0.0140625
3 0.759375 0.91875 0.10625 0.0203125
1 0.52890625 0.24140625 0.67421875 0.34140625
1 0.55703125 0.50078125 0.2765625 0.0375
1 0.528125 0.8828125 0.2546875 0.11953125
1 0.27421875 0.90703125 0.23671875 0.08203125
1 0.81015625 0.896875 0.240625 0.08671875
0 0.221875 0.89609375 0.27421875 0.07578125
0 0.51171875 0.8640625 0.29921875 0.1390625
0 0.803125 0.8828125 0.18125 0.12734375