3 0.390625 0.33046875 0.68125 0.04609375
3 0.06953125 0.50546875 0.015625 0.0046875
3 0.39296875 0.515625 0.678125 0.034375
3 0.04140625 0.17421875 0.0484375 0.00703125
3 0.259375 0.19921875 0.484375 0.03828125
3 0.2640625 0.13984375 0.38671875 0.05234375
0 0.52578125 0.67734375 0.9203125 0.04765625
1 0.2515625 0.275 0.37109375 0.04140625
1 0.903125 0.028125 0.0046875 0.00703125
1 0.48828125 0.96796875 0.74609375 0.0546875
2 0.95390625 0.05546875 0.06484375 0.04296875
2 0.546875 0.84375 0.90546875 0.11171875