2 0.50546875 0.49296875 0.9890625 0.9234375
3 0.5515625 0.26328125 0.746875 0.08359375
3 0.56484375 0.41328125 0.8703125 0.03671875
3 0.58828125 0.5546875 0.38046875 0.07734375
3 0.48515625 0.715625 0.18515625 0.10859375
3 0.56484375 0.8703125 0.8703125 0.13984375
1 0.59453125 0.109375 0.41484375 0.07421875
1 0.12734375 0.7171875 0.1234375 0.11171875
1 0.28359375 0.684375 0.1453125 0.10234375
1 0.16328125 0.88203125 0.15078125 0.11328125
1 0.31875 0.86640625 0.12578125 0.10546875
1 0.5453125 0.88828125 0.17578125 0.08046875
1 0.68359375 0.88203125 0.11171875 0.09921875
1 0.884375 0.875 0.1203125 0.08203125
0 0.1203125 0.71796875 0.14296875 0.09765625
0 0.26875 0.68125 0.18125 0.11171875
0 0.15078125 0.875 0.159375 0.12421875
0 0.31953125 0.8765625 0.10625 0.13046875
0 0.51171875 0.89140625 0.1203125 0.10703125
0 0.69765625 0.85078125 0.11796875 0.14609375
0 0.89375 0.87109375 0.18984375 0.13203125