2 0.49921875 0.13515625 0.4359375 0.26640625
2 0.5 0.46796875 1 0.93515625
2 0.50859375 0.31328125 0.74140625 0.078125
2 0.49453125 0.4 0.76015625 0.08671875
2 0.4984375 0.4984375 0.76875 0.07734375
2 0.496875 0.58515625 0.79453125 0.0859375
0 0.5015625 0.31484375 0.7015625 0.06796875
0 0.49453125 0.40078125 0.71640625 0.0796875
0 0.50078125 0.4984375 0.709375 0.07265625
0 0.5015625 0.58515625 0.728125 0.07265625
0 0.89375 0.87265625 0.15078125 0.09140625
1 0.89140625 0.871875 0.08203125 0.05390625
3 0.49921875 0.58828125 0.39375 0.04296875
3 0.49609375 0.49296875 0.55625 0.0390625
3 0.49921875 0.4046875 0.5234375 0.04140625
3 0.48984375 0.31171875 0.33125 0.03984375