3 0.22421875 0.07109375 0.13046875 0.04140625
0 0.06953125 0.0703125 0.09453125 0.04296875
0 0.10703125 0.89453125 0.2140625 0.0765625
0 0.31171875 0.89609375 0.19375 0.07265625
0 0.5109375 0.8953125 0.20703125 0.07578125
0 0.70703125 0.896875 0.18203125 0.0796875
0 0.90078125 0.8953125 0.1953125 0.0765625
0 0.940625 0.071875 0.046875 0.03828125
1 0.8984375 0.89609375 0.071875 0.03984375
1 0.70078125 0.89765625 0.05703125 0.03828125
1 0.4984375 0.89609375 0.0796875 0.0421875
1 0.30078125 0.896875 0.078125 0.0390625
1 0.096875 0.896875 0.0890625 0.0421875
1 0.06640625 0.0703125 0.059375 0.03203125
1 0.94140625 0.07109375 0.04609375 0.03828125