3 0.29765625 0.0765625 0.31953125 0.03515625
3 0.228125 0.140625 0.26328125 0.04921875
3 0.79140625 0.1484375 0.41640625 0.03984375
3 0.54140625 0.60390625 0.64921875 0.04609375
3 0.23046875 0.7421875 0.4203125 0.04921875
3 0.22890625 0.90625 0.31015625 0.07421875
1 0.06640625 0.07109375 0.10390625 0.04609375
1 0.72734375 0.075 0.09140625 0.04765625
1 0.81796875 0.06484375 0.084375 0.05234375
1 0.95234375 0.07578125 0.0953125 0.05859375
1 0.50546875 0.51875 0.3359375 0.04609375
1 0.190625 0.81484375 0.23828125 0.07109375
0 0.0640625 0.0578125 0.05859375 0.05078125
0 0.69765625 0.07421875 0.08984375 0.03984375
0 0.8109375 0.0546875 0.13671875 0.06953125
0 0.95234375 0.071875 0.0953125 0.06015625
0 0.746875 0.1421875 0.50625 0.04296875
0 0.20859375 0.140625 0.340625 0.04296875
0 0.5203125 0.521875 0.428125 0.03359375
0 0.15546875 0.81015625 0.29140625 0.05234375