2 0.49921875 0.38203125 0.76640625 0.34453125
2 0.515625 0.03828125 0.771875 0.06171875
3 0.453125 0.03671875 0.42890625 0.0484375
1 0.10234375 0.140625 0.2046875 0.07734375
1 0.29609375 0.1390625 0.14296875 0.09609375
1 0.73125 0.13671875 0.1109375 0.04140625
1 0.8984375 0.13203125 0.159375 0.06015625
1 0.90625 0.23828125 0.15390625 0.08046875
1 0.90546875 0.65 0.12890625 0.09140625
1 0.896875 0.76640625 0.16171875 0.053125
1 0.915625 0.88359375 0.16875 0.0796875
1 0.60703125 0.8765625 0.24375 0.05703125
1 0.35078125 0.86640625 0.21328125 0.08984375
1 0.10078125 0.86796875 0.1203125 0.06484375
1 0.109375 0.771875 0.14296875 0.06015625
1 0.12734375 0.675 0.184375 0.08515625
0 0.10078125 0.13671875 0.11484375 0.08828125
0 0.27421875 0.13828125 0.1484375 0.10078125
0 0.72890625 0.134375 0.1 0.05859375
0 0.89140625 0.1359375 0.1453125 0.08671875
0 0.8953125 0.23671875 0.19296875 0.09921875
0 0.8890625 0.64296875 0.22109375 0.11171875
0 0.8890625 0.76171875 0.22109375 0.09453125
0 0.88203125 0.87265625 0.23515625 0.10859375
0 0.62109375 0.87578125 0.15390625 0.08984375
0 0.359375 0.86015625 0.17421875 0.10859375
0 0.0921875 0.86484375 0.11953125 0.06171875
0 0.103125 0.7796875 0.1546875 0.06953125
0 0.10234375 0.665625 0.1453125 0.05703125