3 0.534375 0.17109375 0.49453125 0.03125
3 0.17421875 0.20234375 0.31953125 0.02421875
3 0.23046875 0.29765625 0.32421875 0.021875
3 0.12109375 0.35546875 0.20703125 0.0125
3 0.20390625 0.4421875 0.3609375 0.01875
3 0.10859375 0.340625 0.003125 0.0109375
3 0.89140625 0.5171875 0.1234375 0.0234375
3 0.23359375 0.8234375 0.34609375 0.021875
3 0.32421875 0.86484375 0.534375 0.03359375
3 0.52265625 0.91875 0.2765625 0.0203125
1 0.07890625 0.0703125 0.10625 0.05390625
1 0.4921875 0.675 0.96015625 0.2296875
1 0.0265625 0.81796875 0.034375 0.0171875
1 0.0265625 0.86328125 0.03984375 0.03671875
0 0.49375 0.05625 0.190625 0.04140625
0 0.44921875 0.246875 0.8390625 0.04765625
0 0.0375 0.2890625 0.0453125 0.0203125
0 0.44375 0.3921875 0.79453125 0.04140625
0 0.22890625 0.44140625 0.434375 0.0265625
0 0.88671875 0.5109375 0.2265625 0.06484375
0 0.24140625 0.81953125 0.48125 0.04296875
0 0.31171875 0.86484375 0.61015625 0.04296875
0 0.54375 0.92421875 0.346875 0.02890625