2 0.5203125 0.57265625 0.959375 0.25859375
3 0.52578125 0.03515625 0.3890625 0.0359375
3 0.31953125 0.11328125 0.403125 0.0375
3 0.709375 0.11328125 0.190625 0.0375
3 0.08828125 0.1640625 0.13515625 0.0234375
3 0.11171875 0.21171875 0.1484375 0.03671875
3 0.559375 0.159375 0.29921875 0.0296875
3 0.54140625 0.2046875 0.51484375 0.04765625
3 0.896875 0.15625 0.184375 0.04921875
3 0.92890625 0.21875 0.10390625 0.06328125
3 0.5078125 0.58671875 0.1453125 0.07734375
3 0.71875 0.59375 0.14375 0.01640625
3 0.58046875 0.39375 0.17421875 0.06328125
3 0.51171875 0.7953125 0.159375 0.03515625
3 0.74140625 0.78125 0.1484375 0.0171875
3 0.93828125 0.79375 0.1234375 0.05078125
3 0.85625 0.86484375 0.23203125 0.01171875
3 0.1421875 0.95859375 0.23828125 0.06015625
3 0.665625 0.96171875 0.54609375 0.05625
1 0.38359375 0.38515625 0.159375 0.09921875
1 0.0875 0.0421875 0.1234375 0.06640625
1 0.4765625 0.04453125 0.45390625 0.04921875
1 0.8953125 0.0359375 0.1984375 0.05
1 0.49453125 0.59140625 0.24921875 0.10546875
0 0.08984375 0.0390625 0.1796875 0.06640625
0 0.45234375 0.03515625 0.4609375 0.0703125
0 0.8765625 0.0328125 0.24609375 0.03125
0 0.303125 0.11328125 0.43046875 0.04765625
0 0.70546875 0.11484375 0.2546875 0.04140625
0 0.52578125 0.1671875 0.38359375 0.0203125
0 0.09921875 0.16796875 0.16328125 0.003125
0 0.5046875 0.21171875 0.49296875 0.06171875
0 0.13125 0.20078125 0.22109375 0.00859375
0 0.896875 0.159375 0.20625 0.0453125
0 0.91484375 0.21015625 0.14296875 0.03359375
0 0.4890625 0.37109375 0.4453125 0.08203125
0 0.4921875 0.571875 0.22109375 0.13046875
0 0.74921875 0.6078125 0.22109375 0.07890625
0 0.52421875 0.7484375 0.0953125 0.05234375
0 0.7578125 0.73828125 0.24921875 0.03515625
0 0.94765625 0.7375 0.1046875 0.059375
0 0.29921875 0.96015625 0.05390625 0.07890625