3 0.16875 0.071875 0.30859375 0.04765625
3 0.09375 0.1328125 0.12890625 0.04296875
3 0.93671875 0.14296875 0.12578125 0.03515625
3 0.32578125 0.31171875 0.27421875 0.05078125
3 0.3046875 0.41328125 0.17578125 0.04296875
3 0.52890625 0.42578125 0.13671875 0.0265625
3 0.665625 0.41015625 0.03125 0.04296875
3 0.27109375 0.48671875 0.19296875 0.028125
3 0.48671875 0.49921875 0.0984375 0.021875
3 0.7109375 0.503125 0.16015625 0.0328125
3 0.30078125 0.5765625 0.16796875 0.0359375
3 0.5453125 0.59453125 0.1703125 0.05859375
3 0.70703125 0.58359375 0.1484375 0.03984375
3 0.29375 0.67109375 0.1984375 0.03046875
3 0.63359375 0.67109375 0.184375 0.003125
3 0.109375 0.2 0.1203125 0.02890625
3 0.13828125 0.24921875 0.15078125 0.0234375
3 0.09765625 0.35703125 0.08046875 0.0375
3 0.07109375 0.42265625 0.06640625 0.0171875
3 0.078125 0.4796875 0.09140625 0.0234375
3 0.0921875 0.53828125 0.11953125 0.03203125
3 0.91875 0.478125 0.11171875 0.0171875
3 0.92734375 0.65859375 0.1453125 0.06171875
3 0.10078125 0.64765625 0.075 0.04296875
1 0.9484375 0.06171875 0.07578125 0.02734375
0 0.93828125 0.0578125 0.1234375 0.03828125
0 0.896875 0.1359375 0.20625 0.06796875
0 0.91640625 0.48359375 0.1234375 0.06171875
0 0.971875 0.3640625 0.05546875 0.0359375
0 0.9609375 0.41484375 0.078125 0.0296875
0 0.08671875 0.64453125 0.1546875 0.05546875
0 0.92265625 0.66640625 0.1546875 0.1078125
0 0.6390625 0.678125 0.26328125 0.06953125
0 0.29375 0.6640625 0.23203125 0.05703125