2 0.21953125 0.303125 0.2515625 0.16171875
2 0.69140625 0.3125 0.28828125 0.16796875
2 0.2140625 0.63828125 0.2296875 0.14609375
2 0.796875 0.634375 0.3109375 0.09140625
2 0.2140625 0.9046875 0.28515625 0.0515625
3 0.47421875 0.07265625 0.57578125 0.03984375
3 0.49765625 0.13984375 0.75859375 0.03515625
3 0.28203125 0.47890625 0.28359375 0.02734375
3 0.74375 0.46796875 0.21015625 0.04296875
3 0.29921875 0.809375 0.3 0.03515625
3 0.75234375 0.79609375 0.26015625 0.04609375
1 0.05859375 0.07265625 0.10390625 0.06796875
1 0.415625 0.21953125 0.1453125 0.05234375
1 0.921875 0.2171875 0.15625 0.04140625
1 0.9421875 0.53125 0.115625 0.059375
1 0.40546875 0.54765625 0.209375 0.06015625
1 0.45546875 0.86484375 0.13125 0.04921875
0 0.08125 0.05859375 0.09140625 0.04609375
0 0.38046875 0.20625 0.15390625 0.06015625
0 0.8640625 0.221875 0.23828125 0.03125
0 0.93125 0.54765625 0.13125 0.06640625
0 0.36796875 0.54140625 0.22421875 0.04453125
0 0.434375 0.86953125 0.134375 0.05546875