3 0.49453125 0.0578125 0.5453125 0.03515625
3 0.12421875 0.12578125 0.1234375 0.03515625
3 0.365625 0.13671875 0.13984375 0.03203125
3 0.62265625 0.13046875 0.10078125 0.04140625
3 0.8734375 0.13203125 0.12578125 0.03828125
3 0.1359375 0.228125 0.12890625 0.021875
3 0.37890625 0.221875 0.11796875 0.03125
3 0.64609375 0.2265625 0.15390625 0.03125
3 0.89296875 0.2328125 0.14296875 0.025
3 0.13125 0.31640625 0.0984375 0.009375
3 0.39453125 0.3125 0.11484375 0.0359375
3 0.63515625 0.3109375 0.12578125 0.0390625
3 0.86796875 0.315625 0.1484375 0.04296875
3 0.134375 0.4078125 0.16484375 0.02578125
3 0.37421875 0.41953125 0.19921875 0.0328125
3 0.64921875 0.41484375 0.1203125 0.0265625
3 0.87578125 0.4140625 0.159375 0.01875
3 0.1359375 0.5 0.11171875 0.0140625
3 0.38046875 0.5 0.14296875 0.0296875
3 0.6109375 0.50546875 0.16328125 0.025
3 0.8609375 0.503125 0.11796875 0.0234375
3 0.12890625 0.58671875 0.09296875 0.03359375
3 0.39453125 0.59921875 0.0984375 0.02421875
3 0.6265625 0.59375 0.08125 0.02265625
3 0.88828125 0.58515625 0.10078125 0.04609375
3 0.12734375 0.6875 0.16796875 0.0140625
3 0.1453125 0.7765625 0.13671875 0.0359375
3 0.39140625 0.7796875 0.19296875 0.0296875
3 0.3890625 0.68515625 0.13125 0.01875
3 0.63828125 0.68984375 0.1703125 0.028125
3 0.690625 0.77578125 0.0703125 0.015625
3 0.8984375 0.78046875 0.159375 0.034375
3 0.9078125 0.68671875 0.12890625 0.025
2 0.51328125 0.9 0.884375 0.0359375
0 0.12421875 0.12578125 0.18984375 0.05390625
0 0.3703125 0.12734375 0.21328125 0.06015625
0 0.63203125 0.13515625 0.21015625 0.03515625
0 0.87578125 0.12578125 0.18203125 0.04765625
0 0.85625 0.221875 0.18828125 0.06015625
0 0.6 0.21640625 0.1515625 0.05546875
0 0.36953125 0.2265625 0.1703125 0.053125
0 0.1203125 0.21640625 0.1484375 0.04609375
0 0.15625 0.31171875 0.19296875 0.06328125
0 0.3859375 0.334375 0.21015625 0.06796875
0 0.609375 0.33203125 0.1765625 0.05390625
0 0.87109375 0.3421875 0.18515625 0.06171875
0 0.884375 0.41875 0.1703125 0.06015625
0 0.65078125 0.4234375 0.17890625 0.06015625
0 0.4109375 0.41484375 0.18125 0.05859375
0 0.1734375 0.42890625 0.22109375 0.08046875
0 0.146875 0.503125 0.13984375 0.0421875
0 0.11875 0.5765625 0.11171875 0.0390625
0 0.1046875 0.659375 0.16875 0.06015625
0 0.10390625 0.74375 0.12578125 0.03359375
0 0.1078125 0.82578125 0.11796875 0.0265625
0 0.31640625 0.47578125 0.046875 0.009375
0 0.415625 0.5046875 0.15078125 0.0484375
0 0.3625 0.58984375 0.15078125 0.03671875
0 0.35390625 0.6984375 0.134375 0.0328125
0 0.396875 0.7828125 0.16484375 0.0234375
0 0.384375 0.84765625 0.12890625 0.0140625
0 0.61875 0.496875 0.12578125 0.0390625
0 0.62578125 0.59921875 0.16171875 0.05546875
0 0.628125 0.67421875 0.184375 0.04296875
0 0.6546875 0.76875 0.1484375 0.0578125
0 0.62421875 0.8515625 0.12578125 0.009375
0 0.8828125 0.50078125 0.184375 0.04375
0 0.8640625 0.60078125 0.18203125 0.04296875
0 0.8921875 0.6875 0.21015625 0.05703125
0 0.88828125 0.7703125 0.16171875 0.0328125
0 0.8984375 0.8421875 0.1703125 0.01875