2 0.50546875 0.3375 0.6046875 0.07421875
2 0.4125 0.48828125 0.54375 0.09453125
3 0.56484375 0.63984375 0.8703125 0.0109375
3 0.54296875 0.73203125 0.3609375 0.06328125
3 0.559375 0.83046875 0.378125 0.06484375
1 0.48359375 0.44609375 0.40625 0.184375
1 0.50703125 0.734375 0.5203125 0.08359375
1 0.046875 0.91953125 0.059375 0.04140625
1 0.49921875 0.8296875 0.346875 0.05
0 0.521875 0.72890625 0.61015625 0.08203125
0 0.56796875 0.82890625 0.57421875 0.0546875
0 0.08515625 0.8921875 0.16875 0.07890625