2 0.7421875 0.33046875 0.515625 0.2546875
2 0.3484375 0.7265625 0.3859375 0.26015625
2 0.81640625 0.6625 0.34453125 0.11015625
2 0.8421875 0.80625 0.315625 0.07265625
2 0.1828125 0.3890625 0.34140625 0.34765625
3 0.5171875 0.06953125 0.29375 0.04765625
3 0.14296875 0.15859375 0.20390625 0.04609375
3 0.3375 0.16015625 0.13828125 0.03671875
3 0.5265625 0.15625 0.1859375 0.04765625
3 0.7640625 0.1484375 0.1890625 0.04765625
3 0.96015625 0.153125 0.0796875 0.05
3 0.178125 0.26015625 0.30078125 0.05859375
3 0.1765625 0.384375 0.178125 0.0203125
3 0.16953125 0.5265625 0.2359375 0.03828125
3 0.1203125 0.92421875 0.15390625 0.02421875
3 0.3140625 0.91796875 0.171875 0.00546875
3 0.4890625 0.9203125 0.16171875 0.01640625
3 0.71328125 0.92265625 0.0984375 0.009375
3 0.903125 0.91875 0.16171875 0.01640625
1 0.934375 0.08828125 0.13046875 0.06015625
1 0.52890625 0.065625 0.35625 0.05234375
1 0.09609375 0.90234375 0.159375 0.06484375
1 0.27421875 0.8953125 0.13671875 0.0296875
1 0.48046875 0.896875 0.18046875 0.0296875
1 0.69609375 0.903125 0.16484375 0.0296875
1 0.875 0.89140625 0.1484375 0.03515625
0 0.903125 0.065625 0.19375 0.05546875
0 0.14140625 0.159375 0.1953125 0.05703125
0 0.315625 0.15546875 0.09921875 0.05546875
0 0.503125 0.06953125 0.4140625 0.0328125
0 0.51640625 0.146875 0.19453125 0.05078125
0 0.73671875 0.1484375 0.1234375 0.07265625
0 0.94296875 0.15546875 0.1140625 0.04609375
0 0.20703125 0.390625 0.28203125 0.146875
0 0.7875 0.346875 0.425 0.140625
0 0.41875 0.72109375 0.3484375 0.12265625
0 0.7734375 0.66015625 0.290625 0.08359375
0 0.74453125 0.79140625 0.18359375 0.01171875
0 0.0765625 0.89453125 0.153125 0.0640625
0 0.253125 0.8921875 0.13984375 0.04609375
0 0.4734375 0.8921875 0.171875 0.05390625
0 0.67109375 0.8875 0.12890625 0.02734375
0 0.9 0.89609375 0.2 0.0609375