3 0.3484375 0.06875 0.240625 0.03515625
3 0.38046875 0.13984375 0.29375 0.02578125
3 0.4546875 0.1609375 0.4984375 0.0203125
3 0.58203125 0.2109375 0.796875 0.04765625
3 0.37578125 0.2828125 0.190625 0.0078125
3 0.5453125 0.32265625 0.66328125 0.02265625
3 0.60234375 0.3765625 0.7953125 0.075
3 0.909375 0.27734375 0.18125 0.00625
3 0.9078125 0.1484375 0.184375 0.0203125
3 0.55859375 0.375 0.47578125 0.0421875
3 0.303125 0.43125 0.15078125 0.034375
3 0.51796875 0.45625 0.59609375 0.03203125
3 0.91015625 0.43984375 0.1796875 0.0234375
3 0.60546875 0.5140625 0.7890625 0.05234375
3 0.396875 0.58046875 0.29453125 0.025
3 0.521875 0.61328125 0.6265625 0.03671875
3 0.915625 0.59453125 0.16875 0.0296875
3 0.59453125 0.659375 0.8109375 0.04453125
3 0.2671875 0.72421875 0.134375 0.02578125
3 0.57890625 0.7578125 0.7640625 0.0265625
3 0.91328125 0.740625 0.1734375 0.03046875
3 0.5890625 0.80859375 0.74453125 0.04921875
3 0.89296875 0.884375 0.2140625 0.04375
3 0.3875 0.88046875 0.3140625 0.01875
3 0.565625 0.915625 0.7359375 0.0296875
1 0.078125 0.07109375 0.1203125 0.06171875
1 0.79609375 0.07265625 0.16796875 0.04296875
1 0.92578125 0.06875 0.08125 0.05078125
1 0.115625 0.16328125 0.21875 0.06640625
1 0.11484375 0.31328125 0.1484375 0.06640625
1 0.10703125 0.4625 0.2015625 0.08203125
1 0.1453125 0.6171875 0.23125 0.09453125
1 0.10703125 0.75546875 0.16875 0.07578125
1 0.11875 0.90546875 0.17890625 0.05
0 0.09609375 0.065625 0.1515625 0.04765625
0 0.76640625 0.07421875 0.13671875 0.04296875
0 0.921875 0.07265625 0.11171875 0.05234375
0 0.3890625 0.0703125 0.328125 0.03515625