2 0.5078125 0.5703125 0.884375 0.25390625
3 0.23203125 0.07109375 0.23203125 0.03671875
3 0.253125 0.16328125 0.25703125 0.028125
3 0.7609375 0.1609375 0.04140625 0.0296875
3 0.89375 0.1734375 0.11171875 0.0390625
3 0.23515625 0.25078125 0.371875 0.0296875
3 0.74140625 0.24453125 0.075 0.0390625
3 0.89296875 0.25625 0.08125 0.04765625
3 0.18359375 0.34140625 0.2296875 0.06953125
3 0.81640625 0.3359375 0.18671875 0.02109375
3 0.28125 0.41484375 0.275 0.0265625
3 0.25703125 0.54453125 0.23203125 0.06640625
3 0.4640625 0.72109375 0.825 0.04140625
3 0.8671875 0.7703125 0.265625 0.0203125
3 0.31796875 0.86484375 0.45390625 0.03046875
3 0.1859375 0.90703125 0.08984375 0.0375
3 0.340625 0.915625 0.12578125 0.0171875
3 0.496875 0.91640625 0.11796875 0.021875
3 0.625 0.9046875 0.04453125 0.0265625
3 0.7625 0.91875 0.1234375 0.0390625
1 0.68125 0.5546875 0.375 0.10546875
1 0.09609375 0.4109375 0.071875 0.05390625
0 0.06171875 0.06640625 0.0640625 0.05546875
0 0.07109375 0.165625 0.06640625 0.0484375
0 0.80859375 0.1625 0.28828125 0.0546875
0 0.08828125 0.2359375 0.14609375 0.028125
0 0.8203125 0.259375 0.359375 0.103125
0 0.8015625 0.33203125 0.396875 0.05390625
0 0.22421875 0.33203125 0.38359375 0.07265625
0 0.11328125 0.85859375 0.10078125 0.05859375
0 0.7328125 0.77734375 0.46796875 0.04921875
0 0.16640625 0.9125 0.1734375 0.0359375
0 0.2921875 0.89921875 0.0734375 0.01875
0 0.48671875 0.9140625 0.10390625 0.04921875
0 0.62265625 0.90625 0.11171875 0.0484375
0 0.7625 0.9125 0.10078125 0.06484375