2 0.5765625 0.40078125 0.74140625 0.34453125
3 0.2265625 0.07421875 0.31015625 0.05546875
3 0.52734375 0.17578125 0.29140625 0.06484375
3 0.5359375 0.70546875 0.45859375 0.034375
3 0.52890625 0.7984375 0.56328125 0.05390625
1 0.9359375 0.08203125 0.10625 0.05234375
1 0.01875 0.0859375 0.0375 0.08125
1 0.55078125 0.35703125 0.55703125 0.1984375
0 0.9171875 0.0953125 0.165625 0.09375
0 0.02421875 0.075 0.0484375 0.065625
0 0.5734375 0.7046875 0.703125 0.0453125
0 0.51875 0.7890625 0.71015625 0.06328125